variables = x,y
1.45359 0
1.2 0.43923
0.6 0.43923
0.34641 0
3.25359 0
3 0.43923
2.4 0.43923
2.14641 0
5.05359 0
4.8 0.43923
4.2 0.43923
3.94641 0
6.85359 0
6.6 0.43923
6 0.43923
5.74641 0
8.65359 0
8.4 0.43923
7.8 0.43923
7.54641 0
10.4536 0
10.2 0.43923
9.6 0.43923
9.34641 0
12.2536 0
12 0.43923
11.4 0.43923
11.1464 0
14.0536 0
13.8 0.43923
13.2 0.43923
12.9464 0
15.8536 0
15.6 0.43923
15 0.43923
14.7464 0
17.6536 0
17.4 0.43923
16.8 0.43923
16.5464 0
19.4536 0
19.2 0.43923
18.6 0.43923
18.3464 0
21.2536 0
21 0.43923
20.4 0.43923
20.1464 0
23.0536 0
22.8 0.43923
22.2 0.43923
21.9464 0
24.8536 0
24.6 0.43923
24 0.43923
23.7464 0
26.6536 0
26.4 0.43923
25.8 0.43923
25.5464 0
28.4536 0
28.2 0.43923
27.6 0.43923
27.3464 0
30.2536 0
30 0.43923
29.4 0.43923
29.1464 0
32.0536 0
31.8 0.43923
31.2 0.43923
30.9464 0
33.8536 0
33.6 0.43923
33 0.43923
32.7464 0
35.6536 0
35.4 0.43923
34.8 0.43923
34.5464 0
37.4536 0
37.2 0.43923
36.6 0.43923
36.3464 0
39.2536 0
39 0.43923
38.4 0.43923
38.1464 0
41.0536 0
40.8 0.43923
40.2 0.43923
39.9464 0
42.8536 0
42.6 0.43923
42 0.43923
41.7464 0
44.6536 0
44.4 0.43923
43.8 0.43923
43.5464 0
46.4536 0
46.2 0.43923
45.6 0.43923
45.3464 0
48.2536 0
48 0.43923
47.4 0.43923
47.1464 0
50 0.0928203
50 0
49.8 0.43923
49.2 0.43923
48.9464 0
0 0
0.3 0.958846
-0 0.958846
2.1 0.958846
1.5 0.958846
3.9 0.958846
3.3 0.958846
5.7 0.958846
5.1 0.958846
7.5 0.958846
6.9 0.958846
9.3 0.958846
8.7 0.958846
11.1 0.958846
10.5 0.958846
12.9 0.958846
12.3 0.958846
14.7 0.958846
14.1 0.958846
16.5 0.958846
15.9 0.958846
18.3 0.958846
17.7 0.958846
20.1 0.958846
19.5 0.958846
21.9 0.958846
21.3 0.958846
23.7 0.958846
23.1 0.958846
25.5 0.958846
24.9 0.958846
27.3 0.958846
26.7 0.958846
29.1 0.958846
28.5 0.958846
30.9 0.958846
30.3 0.958846
32.7 0.958846
32.1 0.958846
34.5 0.958846
33.9 0.958846
36.3 0.958846
35.7 0.958846
38.1 0.958846
37.5 0.958846
39.9 0.958846
39.3 0.958846
41.7 0.958846
41.1 0.958846
43.5 0.958846
42.9 0.958846
45.3 0.958846
44.7 0.958846
47.1 0.958846
46.5 0.958846
48.9 0.958846
48.3 0.958846
50 0.785641
1.2 1.47846
0.6 1.47846
3 1.47846
2.4 1.47846
4.8 1.47846
4.2 1.47846
6.6 1.47846
6 1.47846
8.4 1.47846
7.8 1.47846
10.2 1.47846
9.6 1.47846
12 1.47846
11.4 1.47846
13.8 1.47846
13.2 1.47846
15.6 1.47846
15 1.47846
17.4 1.47846
16.8 1.47846
19.2 1.47846
18.6 1.47846
21 1.47846
20.4 1.47846
22.8 1.47846
22.2 1.47846
24.6 1.47846
24 1.47846
26.4 1.47846
25.8 1.47846
28.2 1.47846
27.6 1.47846
30 1.47846
29.4 1.47846
31.8 1.47846
31.2 1.47846
33.6 1.47846
33 1.47846
35.4 1.47846
34.8 1.47846
37.2 1.47846
36.6 1.47846
39 1.47846
38.4 1.47846
40.8 1.47846
40.2 1.47846
42.6 1.47846
42 1.47846
44.4 1.47846
43.8 1.47846
46.2 1.47846
45.6 1.47846
48 1.47846
47.4 1.47846
50 1.13205
49.8 1.47846
49.2 1.47846
0.3 1.99808
-0 1.99808
2.1 1.99808
1.5 1.99808
3.9 1.99808
3.3 1.99808
5.7 1.99808
5.1 1.99808
7.5 1.99808
6.9 1.99808
9.3 1.99808
8.7 1.99808
11.1 1.99808
10.5 1.99808
12.9 1.99808
12.3 1.99808
14.7 1.99808
14.1 1.99808
16.5 1.99808
15.9 1.99808
18.3 1.99808
17.7 1.99808
20.1 1.99808
19.5 1.99808
21.9 1.99808
21.3 1.99808
23.7 1.99808
23.1 1.99808
25.5 1.99808
24.9 1.99808
27.3 1.99808
26.7 1.99808
29.1 1.99808
28.5 1.99808
30.9 1.99808
30.3 1.99808
32.7 1.99808
32.1 1.99808
34.5 1.99808
33.9 1.99808
36.3 1.99808
35.7 1.99808
38.1 1.99808
37.5 1.99808
39.9 1.99808
39.3 1.99808
41.7 1.99808
41.1 1.99808
43.5 1.99808
42.9 1.99808
45.3 1.99808
44.7 1.99808
47.1 1.99808
46.5 1.99808
48.9 1.99808
48.3 1.99808
50 1.82487
1.2 2.51769
0.6 2.51769
3 2.51769
2.4 2.51769
4.8 2.51769
4.2 2.51769
6.6 2.51769
6 2.51769
8.4 2.51769
7.8 2.51769
10.2 2.51769
9.6 2.51769
12 2.51769
11.4 2.51769
13.8 2.51769
13.2 2.51769
15.6 2.51769
15 2.51769
17.4 2.51769
16.8 2.51769
19.2 2.51769
18.6 2.51769
21 2.51769
20.4 2.51769
22.8 2.51769
22.2 2.51769
24.6 2.51769
24 2.51769
26.4 2.51769
25.8 2.51769
28.2 2.51769
27.6 2.51769
30 2.51769
29.4 2.51769
31.8 2.51769
31.2 2.51769
33.6 2.51769
33 2.51769
35.4 2.51769
34.8 2.51769
37.2 2.51769
36.6 2.51769
39 2.51769
38.4 2.51769
40.8 2.51769
40.2 2.51769
42.6 2.51769
42 2.51769
44.4 2.51769
43.8 2.51769
46.2 2.51769
45.6 2.51769
48 2.51769
47.4 2.51769
50 2.17128
49.8 2.51769
49.2 2.51769
0.3 3.03731
-0 3.03731
2.1 3.03731
1.5 3.03731
3.9 3.03731
3.3 3.03731
5.7 3.03731
5.1 3.03731
7.5 3.03731
6.9 3.03731
9.3 3.03731
8.7 3.03731
11.1 3.03731
10.5 3.03731
12.9 3.03731
12.3 3.03731
14.7 3.03731
14.1 3.03731
16.5 3.03731
15.9 3.03731
18.3 3.03731
17.7 3.03731
20.1 3.03731
19.5 3.03731
21.9 3.03731
21.3 3.03731
23.7 3.03731
23.1 3.03731
25.5 3.03731
24.9 3.03731
27.3 3.03731
26.7 3.03731
29.1 3.03731
28.5 3.03731
30.9 3.03731
30.3 3.03731
32.7 3.03731
32.1 3.03731
34.5 3.03731
33.9 3.03731
36.3 3.03731
35.7 3.03731
38.1 3.03731
37.5 3.03731
39.9 3.03731
39.3 3.03731
41.7 3.03731
41.1 3.03731
43.5 3.03731
42.9 3.03731
45.3 3.03731
44.7 3.03731
47.1 3.03731
46.5 3.03731
48.9 3.03731
48.3 3.03731
50 2.8641
1.2 3.55692
0.6 3.55692
3 3.55692
2.4 3.55692
4.8 3.55692
4.2 3.55692
6.6 3.55692
6 3.55692
8.4 3.55692
7.8 3.55692
10.2 3.55692
9.6 3.55692
12 3.55692
11.4 3.55692
13.8 3.55692
13.2 3.55692
15.6 3.55692
15 3.55692
17.4 3.55692
16.8 3.55692
19.2 3.55692
18.6 3.55692
21 3.55692
20.4 3.55692
22.8 3.55692
22.2 3.55692
24.6 3.55692
24 3.55692
26.4 3.55692
25.8 3.55692
28.2 3.55692
27.6 3.55692
30 3.55692
29.4 3.55692
31.8 3.55692
31.2 3.55692
33.6 3.55692
33 3.55692
35.4 3.55692
34.8 3.55692
37.2 3.55692
36.6 3.55692
39 3.55692
38.4 3.55692
40.8 3.55692
40.2 3.55692
42.6 3.55692
42 3.55692
44.4 3.55692
43.8 3.55692
46.2 3.55692
45.6 3.55692
48 3.55692
47.4 3.55692
50 3.21051
49.8 3.55692
49.2 3.55692
0.3 4.07654
-0 4.07654
2.1 4.07654
1.5 4.07654
3.9 4.07654
3.3 4.07654
5.7 4.07654
5.1 4.07654
7.5 4.07654
6.9 4.07654
9.3 4.07654
8.7 4.07654
11.1 4.07654
10.5 4.07654
12.9 4.07654
12.3 4.07654
14.7 4.07654
14.1 4.07654
16.5 4.07654
15.9 4.07654
18.3 4.07654
17.7 4.07654
20.1 4.07654
19.5 4.07654
21.9 4.07654
21.3 4.07654
23.7 4.07654
23.1 4.07654
25.5 4.07654
24.9 4.07654
27.3 4.07654
26.7 4.07654
29.1 4.07654
28.5 4.07654
30.9 4.07654
30.3 4.07654
32.7 4.07654
32.1 4.07654
34.5 4.07654
33.9 4.07654
36.3 4.07654
35.7 4.07654
38.1 4.07654
37.5 4.07654
39.9 4.07654
39.3 4.07654
41.7 4.07654
41.1 4.07654
43.5 4.07654
42.9 4.07654
45.3 4.07654
44.7 4.07654
47.1 4.07654
46.5 4.07654
48.9 4.07654
48.3 4.07654
50 3.90333
1.2 4.59615
0.6 4.59615
3 4.59615
2.4 4.59615
4.8 4.59615
4.2 4.59615
6.6 4.59615
6 4.59615
8.4 4.59615
7.8 4.59615
10.2 4.59615
9.6 4.59615
12 4.59615
11.4 4.59615
13.8 4.59615
13.2 4.59615
15.6 4.59615
15 4.59615
17.4 4.59615
16.8 4.59615
19.2 4.59615
18.6 4.59615
21 4.59615
20.4 4.59615
22.8 4.59615
22.2 4.59615
24.6 4.59615
24 4.59615
26.4 4.59615
25.8 4.59615
28.2 4.59615
27.6 4.59615
30 4.59615
29.4 4.59615
31.8 4.59615
31.2 4.59615
33.6 4.59615
33 4.59615
35.4 4.59615
34.8 4.59615
37.2 4.59615
36.6 4.59615
39 4.59615
38.4 4.59615
40.8 4.59615
40.2 4.59615
42.6 4.59615
42 4.59615
44.4 4.59615
43.8 4.59615
46.2 4.59615
45.6 4.59615
48 4.59615
47.4 4.59615
50 4.24974
49.8 4.59615
49.2 4.59615
0.3 5.11577
-0 5.11577
2.1 5.11577
1.5 5.11577
3.9 5.11577
3.3 5.11577
5.7 5.11577
5.1 5.11577
7.5 5.11577
6.9 5.11577
9.3 5.11577
8.7 5.11577
11.1 5.11577
10.5 5.11577
12.9 5.11577
12.3 5.11577
14.7 5.11577
14.1 5.11577
16.5 5.11577
15.9 5.11577
18.3 5.11577
17.7 5.11577
20.1 5.11577
19.5 5.11577
21.9 5.11577
21.3 5.11577
23.7 5.11577
23.1 5.11577
25.5 5.11577
24.9 5.11577
27.3 5.11577
26.7 5.11577
29.1 5.11577
28.5 5.11577
30.9 5.11577
30.3 5.11577
32.7 5.11577
32.1 5.11577
34.5 5.11577
33.9 5.11577
36.3 5.11577
35.7 5.11577
38.1 5.11577
37.5 5.11577
39.9 5.11577
39.3 5.11577
41.7 5.11577
41.1 5.11577
43.5 5.11577
42.9 5.11577
45.3 5.11577
44.7 5.11577
47.1 5.11577
46.5 5.11577
48.9 5.11577
48.3 5.11577
50 4.94256
1.2 5.63538
0.6 5.63538
3 5.63538
2.4 5.63538
4.8 5.63538
4.2 5.63538
6.6 5.63538
6 5.63538
8.4 5.63538
7.8 5.63538
10.2 5.63538
9.6 5.63538
12 5.63538
11.4 5.63538
13.8 5.63538
13.2 5.63538
15.6 5.63538
15 5.63538
17.4 5.63538
16.8 5.63538
19.2 5.63538
18.6 5.63538
21 5.63538
20.4 5.63538
22.8 5.63538
22.2 5.63538
24.6 5.63538
24 5.63538
26.4 5.63538
25.8 5.63538
28.2 5.63538
27.6 5.63538
30 5.63538
29.4 5.63538
31.8 5.63538
31.2 5.63538
33.6 5.63538
33 5.63538
35.4 5.63538
34.8 5.63538
37.2 5.63538
36.6 5.63538
39 5.63538
38.4 5.63538
40.8 5.63538
40.2 5.63538
42.6 5.63538
42 5.63538
44.4 5.63538
43.8 5.63538
46.2 5.63538
45.6 5.63538
48 5.63538
47.4 5.63538
50 5.28897
49.8 5.63538
49.2 5.63538
0.3 6.155
-0 6.155
2.1 6.155
1.5 6.155
3.9 6.155
3.3 6.155
5.7 6.155
5.1 6.155
7.5 6.155
6.9 6.155
9.3 6.155
8.7 6.155
11.1 6.155
10.5 6.155
12.9 6.155
12.3 6.155
14.7 6.155
14.1 6.155
16.5 6.155
15.9 6.155
18.3 6.155
17.7 6.155
20.1 6.155
19.5 6.155
21.9 6.155
21.3 6.155
23.7 6.155
23.1 6.155
25.5 6.155
24.9 6.155
27.3 6.155
26.7 6.155
29.1 6.155
28.5 6.155
30.9 6.155
30.3 6.155
32.7 6.155
32.1 6.155
34.5 6.155
33.9 6.155
36.3 6.155
35.7 6.155
38.1 6.155
37.5 6.155
39.9 6.155
39.3 6.155
41.7 6.155
41.1 6.155
43.5 6.155
42.9 6.155
45.3 6.155
44.7 6.155
47.1 6.155
46.5 6.155
48.9 6.155
48.3 6.155
50 5.98179
1.2 6.67461
0.6 6.67461
3 6.67461
2.4 6.67461
4.8 6.67461
4.2 6.67461
6.6 6.67461
6 6.67461
8.4 6.67461
7.8 6.67461
10.2 6.67461
9.6 6.67461
12 6.67461
11.4 6.67461
13.8 6.67461
13.2 6.67461
15.6 6.67461
15 6.67461
17.4 6.67461
16.8 6.67461
19.2 6.67461
18.6 6.67461
21 6.67461
20.4 6.67461
22.8 6.67461
22.2 6.67461
24.6 6.67461
24 6.67461
26.4 6.67461
25.8 6.67461
28.2 6.67461
27.6 6.67461
30 6.67461
29.4 6.67461
31.8 6.67461
31.2 6.67461
33.6 6.67461
33 6.67461
35.4 6.67461
34.8 6.67461
37.2 6.67461
36.6 6.67461
39 6.67461
38.4 6.67461
40.8 6.67461
40.2 6.67461
42.6 6.67461
42 6.67461
44.4 6.67461
43.8 6.67461
46.2 6.67461
45.6 6.67461
48 6.67461
47.4 6.67461
50 6.3282
49.8 6.67461
49.2 6.67461
0.3 7.19423
-0 7.19423
2.1 7.19423
1.5 7.19423
3.9 7.19423
3.3 7.19423
5.7 7.19423
5.1 7.19423
7.5 7.19423
6.9 7.19423
9.3 7.19423
8.7 7.19423
11.1 7.19423
10.5 7.19423
12.9 7.19423
12.3 7.19423
14.7 7.19423
14.1 7.19423
16.5 7.19423
15.9 7.19423
18.3 7.19423
17.7 7.19423
20.1 7.19423
19.5 7.19423
21.9 7.19423
21.3 7.19423
23.7 7.19423
23.1 7.19423
25.5 7.19423
24.9 7.19423
27.3 7.19423
26.7 7.19423
29.1 7.19423
28.5 7.19423
30.9 7.19423
30.3 7.19423
32.7 7.19423
32.1 7.19423
34.5 7.19423
33.9 7.19423
36.3 7.19423
35.7 7.19423
38.1 7.19423
37.5 7.19423
39.9 7.19423
39.3 7.19423
41.7 7.19423
41.1 7.19423
43.5 7.19423
42.9 7.19423
45.3 7.19423
44.7 7.19423
47.1 7.19423
46.5 7.19423
48.9 7.19423
48.3 7.19423
50 7.02102
1.2 7.71384
0.6 7.71384
3 7.71384
2.4 7.71384
4.8 7.71384
4.2 7.71384
6.6 7.71384
6 7.71384
8.4 7.71384
7.8 7.71384
10.2 7.71384
9.6 7.71384
12 7.71384
11.4 7.71384
13.8 7.71384
13.2 7.71384
15.6 7.71384
15 7.71384
17.4 7.71384
16.8 7.71384
19.2 7.71384
18.6 7.71384
21 7.71384
20.4 7.71384
22.8 7.71384
22.2 7.71384
24.6 7.71384
24 7.71384
26.4 7.71384
25.8 7.71384
28.2 7.71384
27.6 7.71384
30 7.71384
29.4 7.71384
31.8 7.71384
31.2 7.71384
33.6 7.71384
33 7.71384
35.4 7.71384
34.8 7.71384
37.2 7.71384
36.6 7.71384
39 7.71384
38.4 7.71384
40.8 7.71384
40.2 7.71384
42.6 7.71384
42 7.71384
44.4 7.71384
43.8 7.71384
46.2 7.71384
45.6 7.71384
48 7.71384
47.4 7.71384
50 7.36743
49.8 7.71384
49.2 7.71384
0.3 8.23346
-0 8.23346
2.1 8.23346
1.5 8.23346
3.9 8.23346
3.3 8.23346
5.7 8.23346
5.1 8.23346
7.5 8.23346
6.9 8.23346
9.3 8.23346
8.7 8.23346
11.1 8.23346
10.5 8.23346
12.9 8.23346
12.3 8.23346
14.7 8.23346
14.1 8.23346
16.5 8.23346
15.9 8.23346
18.3 8.23346
17.7 8.23346
20.1 8.23346
19.5 8.23346
21.9 8.23346
21.3 8.23346
23.7 8.23346
23.1 8.23346
25.5 8.23346
24.9 8.23346
27.3 8.23346
26.7 8.23346
29.1 8.23346
28.5 8.23346
30.9 8.23346
30.3 8.23346
32.7 8.23346
32.1 8.23346
34.5 8.23346
33.9 8.23346
36.3 8.23346
35.7 8.23346
38.1 8.23346
37.5 8.23346
39.9 8.23346
39.3 8.23346
41.7 8.23346
41.1 8.23346
43.5 8.23346
42.9 8.23346
45.3 8.23346
44.7 8.23346
47.1 8.23346
46.5 8.23346
48.9 8.23346
48.3 8.23346
50 8.06025
1.2 8.75307
0.6 8.75307
3 8.75307
2.4 8.75307
4.8 8.75307
4.2 8.75307
6.6 8.75307
6 8.75307
8.4 8.75307
7.8 8.75307
10.2 8.75307
9.6 8.75307
12 8.75307
11.4 8.75307
13.8 8.75307
13.2 8.75307
15.6 8.75307
15 8.75307
17.4 8.75307
16.8 8.75307
19.2 8.75307
18.6 8.75307
21 8.75307
20.4 8.75307
22.8 8.75307
22.2 8.75307
24.6 8.75307
24 8.75307
26.4 8.75307
25.8 8.75307
28.2 8.75307
27.6 8.75307
30 8.75307
29.4 8.75307
31.8 8.75307
31.2 8.75307
33.6 8.75307
33 8.75307
35.4 8.75307
34.8 8.75307
37.2 8.75307
36.6 8.75307
39 8.75307
38.4 8.75307
40.8 8.75307
40.2 8.75307
42.6 8.75307
42 8.75307
44.4 8.75307
43.8 8.75307
46.2 8.75307
45.6 8.75307
48 8.75307
47.4 8.75307
50 8.40666
49.8 8.75307
49.2 8.75307
0.3 9.27269
-0 9.27269
2.1 9.27269
1.5 9.27269
3.9 9.27269
3.3 9.27269
5.7 9.27269
5.1 9.27269
7.5 9.27269
6.9 9.27269
9.3 9.27269
8.7 9.27269
11.1 9.27269
10.5 9.27269
12.9 9.27269
12.3 9.27269
14.7 9.27269
14.1 9.27269
16.5 9.27269
15.9 9.27269
18.3 9.27269
17.7 9.27269
20.1 9.27269
19.5 9.27269
21.9 9.27269
21.3 9.27269
23.7 9.27269
23.1 9.27269
25.5 9.27269
24.9 9.27269
27.3 9.27269
26.7 9.27269
29.1 9.27269
28.5 9.27269
30.9 9.27269
30.3 9.27269
32.7 9.27269
32.1 9.27269
34.5 9.27269
33.9 9.27269
36.3 9.27269
35.7 9.27269
38.1 9.27269
37.5 9.27269
39.9 9.27269
39.3 9.27269
41.7 9.27269
41.1 9.27269
43.5 9.27269
42.9 9.27269
45.3 9.27269
44.7 9.27269
47.1 9.27269
46.5 9.27269
48.9 9.27269
48.3 9.27269
50 9.09948
1.2 9.7923
0.6 9.7923
3 9.7923
2.4 9.7923
4.8 9.7923
4.2 9.7923
6.6 9.7923
6 9.7923
8.4 9.7923
7.8 9.7923
10.2 9.7923
9.6 9.7923
12 9.7923
11.4 9.7923
13.8 9.7923
13.2 9.7923
15.6 9.7923
15 9.7923
17.4 9.7923
16.8 9.7923
19.2 9.7923
18.6 9.7923
21 9.7923
20.4 9.7923
22.8 9.7923
22.2 9.7923
24.6 9.7923
24 9.7923
26.4 9.7923
25.8 9.7923
28.2 9.7923
27.6 9.7923
30 9.7923
29.4 9.7923
31.8 9.7923
31.2 9.7923
33.6 9.7923
33 9.7923
35.4 9.7923
34.8 9.7923
37.2 9.7923
36.6 9.7923
39 9.7923
38.4 9.7923
40.8 9.7923
40.2 9.7923
42.6 9.7923
42 9.7923
44.4 9.7923
43.8 9.7923
46.2 9.7923
45.6 9.7923
48 9.7923
47.4 9.7923
50 9.44589
49.8 9.7923
49.2 9.7923
0.3 10.3119
-0 10.3119
2.1 10.3119
1.5 10.3119
3.9 10.3119
3.3 10.3119
5.7 10.3119
5.1 10.3119
7.5 10.3119
6.9 10.3119
9.3 10.3119
8.7 10.3119
11.1 10.3119
10.5 10.3119
12.9 10.3119
12.3 10.3119
14.7 10.3119
14.1 10.3119
16.5 10.3119
15.9 10.3119
18.3 10.3119
17.7 10.3119
20.1 10.3119
19.5 10.3119
21.9 10.3119
21.3 10.3119
23.7 10.3119
23.1 10.3119
25.5 10.3119
24.9 10.3119
27.3 10.3119
26.7 10.3119
29.1 10.3119
28.5 10.3119
30.9 10.3119
30.3 10.3119
32.7 10.3119
32.1 10.3119
34.5 10.3119
33.9 10.3119
36.3 10.3119
35.7 10.3119
38.1 10.3119
37.5 10.3119
39.9 10.3119
39.3 10.3119
41.7 10.3119
41.1 10.3119
43.5 10.3119
42.9 10.3119
45.3 10.3119
44.7 10.3119
47.1 10.3119
46.5 10.3119
48.9 10.3119
48.3 10.3119
50 10.1387
1.2 10.8315
0.6 10.8315
3 10.8315
2.4 10.8315
4.8 10.8315
4.2 10.8315
6.6 10.8315
6 10.8315
8.4 10.8315
7.8 10.8315
10.2 10.8315
9.6 10.8315
12 10.8315
11.4 10.8315
13.8 10.8315
13.2 10.8315
15.6 10.8315
15 10.8315
17.4 10.8315
16.8 10.8315
19.2 10.8315
18.6 10.8315
21 10.8315
20.4 10.8315
22.8 10.8315
22.2 10.8315
24.6 10.8315
24 10.8315
26.4 10.8315
25.8 10.8315
28.2 10.8315
27.6 10.8315
30 10.8315
29.4 10.8315
31.8 10.8315
31.2 10.8315
33.6 10.8315
33 10.8315
35.4 10.8315
34.8 10.8315
37.2 10.8315
36.6 10.8315
39 10.8315
38.4 10.8315
40.8 10.8315
40.2 10.8315
42.6 10.8315
42 10.8315
44.4 10.8315
43.8 10.8315
46.2 10.8315
45.6 10.8315
48 10.8315
47.4 10.8315
50 10.4851
49.8 10.8315
49.2 10.8315
0.3 11.3512
-0 11.3512
2.1 11.3512
1.5 11.3512
3.9 11.3512
3.3 11.3512
5.7 11.3512
5.1 11.3512
7.5 11.3512
6.9 11.3512
9.3 11.3512
8.7 11.3512
11.1 11.3512
10.5 11.3512
12.9 11.3512
12.3 11.3512
14.7 11.3512
14.1 11.3512
16.5 11.3512
15.9 11.3512
18.3 11.3512
17.7 11.3512
20.1 11.3512
19.5 11.3512
21.9 11.3512
21.3 11.3512
23.7 11.3512
23.1 11.3512
25.5 11.3512
24.9 11.3512
27.3 11.3512
26.7 11.3512
29.1 11.3512
28.5 11.3512
30.9 11.3512
30.3 11.3512
32.7 11.3512
32.1 11.3512
34.5 11.3512
33.9 11.3512
36.3 11.3512
35.7 11.3512
38.1 11.3512
37.5 11.3512
39.9 11.3512
39.3 11.3512
41.7 11.3512
41.1 11.3512
43.5 11.3512
42.9 11.3512
45.3 11.3512
44.7 11.3512
47.1 11.3512
46.5 11.3512
48.9 11.3512
48.3 11.3512
50 11.1779
1.2 11.8708
0.6 11.8708
3 11.8708
2.4 11.8708
4.8 11.8708
4.2 11.8708
6.6 11.8708
6 11.8708
8.4 11.8708
7.8 11.8708
10.2 11.8708
9.6 11.8708
12 11.8708
11.4 11.8708
13.8 11.8708
13.2 11.8708
15.6 11.8708
15 11.8708
17.4 11.8708
16.8 11.8708
19.2 11.8708
18.6 11.8708
21 11.8708
20.4 11.8708
22.8 11.8708
22.2 11.8708
24.6 11.8708
24 11.8708
26.4 11.8708
25.8 11.8708
28.2 11.8708
27.6 11.8708
30 11.8708
29.4 11.8708
31.8 11.8708
31.2 11.8708
33.6 11.8708
33 11.8708
35.4 11.8708
34.8 11.8708
37.2 11.8708
36.6 11.8708
39 11.8708
38.4 11.8708
40.8 11.8708
40.2 11.8708
42.6 11.8708
42 11.8708
44.4 11.8708
43.8 11.8708
46.2 11.8708
45.6 11.8708
48 11.8708
47.4 11.8708
50 11.5244
49.8 11.8708
49.2 11.8708
0.3 12.3904
-0 12.3904
2.1 12.3904
1.5 12.3904
3.9 12.3904
3.3 12.3904
5.7 12.3904
5.1 12.3904
7.5 12.3904
6.9 12.3904
9.3 12.3904
8.7 12.3904
11.1 12.3904
10.5 12.3904
12.9 12.3904
12.3 12.3904
14.7 12.3904
14.1 12.3904
16.5 12.3904
15.9 12.3904
18.3 12.3904
17.7 12.3904
20.1 12.3904
19.5 12.3904
21.9 12.3904
21.3 12.3904
23.7 12.3904
23.1 12.3904
25.5 12.3904
24.9 12.3904
27.3 12.3904
26.7 12.3904
29.1 12.3904
28.5 12.3904
30.9 12.3904
30.3 12.3904
32.7 12.3904
32.1 12.3904
34.5 12.3904
33.9 12.3904
36.3 12.3904
35.7 12.3904
38.1 12.3904
37.5 12.3904
39.9 12.3904
39.3 12.3904
41.7 12.3904
41.1 12.3904
43.5 12.3904
42.9 12.3904
45.3 12.3904
44.7 12.3904
47.1 12.3904
46.5 12.3904
48.9 12.3904
48.3 12.3904
50 12.2172
1.2 12.91
0.6 12.91
3 12.91
2.4 12.91
4.8 12.91
4.2 12.91
6.6 12.91
6 12.91
8.4 12.91
7.8 12.91
10.2 12.91
9.6 12.91
12 12.91
11.4 12.91
13.8 12.91
13.2 12.91
15.6 12.91
15 12.91
17.4 12.91
16.8 12.91
19.2 12.91
18.6 12.91
21 12.91
20.4 12.91
22.8 12.91
22.2 12.91
24.6 12.91
24 12.91
26.4 12.91
25.8 12.91
28.2 12.91
27.6 12.91
30 12.91
29.4 12.91
31.8 12.91
31.2 12.91
33.6 12.91
33 12.91
35.4 12.91
34.8 12.91
37.2 12.91
36.6 12.91
39 12.91
38.4 12.91
40.8 12.91
40.2 12.91
42.6 12.91
42 12.91
44.4 12.91
43.8 12.91
46.2 12.91
45.6 12.91
48 12.91
47.4 12.91
50 12.5636
49.8 12.91
49.2 12.91
0.3 13.4296
-0 13.4296
2.1 13.4296
1.5 13.4296
3.9 13.4296
3.3 13.4296
5.7 13.4296
5.1 13.4296
7.5 13.4296
6.9 13.4296
9.3 13.4296
8.7 13.4296
11.1 13.4296
10.5 13.4296
12.9 13.4296
12.3 13.4296
14.7 13.4296
14.1 13.4296
16.5 13.4296
15.9 13.4296
18.3 13.4296
17.7 13.4296
20.1 13.4296
19.5 13.4296
21.9 13.4296
21.3 13.4296
23.7 13.4296
23.1 13.4296
25.5 13.4296
24.9 13.4296
27.3 13.4296
26.7 13.4296
29.1 13.4296
28.5 13.4296
30.9 13.4296
30.3 13.4296
32.7 13.4296
32.1 13.4296
34.5 13.4296
33.9 13.4296
36.3 13.4296
35.7 13.4296
38.1 13.4296
37.5 13.4296
39.9 13.4296
39.3 13.4296
41.7 13.4296
41.1 13.4296
43.5 13.4296
42.9 13.4296
45.3 13.4296
44.7 13.4296
47.1 13.4296
46.5 13.4296
48.9 13.4296
48.3 13.4296
50 13.2564
1.2 13.9492
0.6 13.9492
3 13.9492
2.4 13.9492
4.8 13.9492
4.2 13.9492
6.6 13.9492
6 13.9492
8.4 13.9492
7.8 13.9492
10.2 13.9492
9.6 13.9492
12 13.9492
11.4 13.9492
13.8 13.9492
13.2 13.9492
15.6 13.9492
15 13.9492
17.4 13.9492
16.8 13.9492
19.2 13.9492
18.6 13.9492
21 13.9492
20.4 13.9492
22.8 13.9492
22.2 13.9492
24.6 13.9492
24 13.9492
26.4 13.9492
25.8 13.9492
28.2 13.9492
27.6 13.9492
30 13.9492
29.4 13.9492
31.8 13.9492
31.2 13.9492
33.6 13.9492
33 13.9492
35.4 13.9492
34.8 13.9492
37.2 13.9492
36.6 13.9492
39 13.9492
38.4 13.9492
40.8 13.9492
40.2 13.9492
42.6 13.9492
42 13.9492
44.4 13.9492
43.8 13.9492
46.2 13.9492
45.6 13.9492
48 13.9492
47.4 13.9492
50 13.6028
49.8 13.9492
49.2 13.9492
0.3 14.4688
-0 14.4688
2.1 14.4688
1.5 14.4688
3.9 14.4688
3.3 14.4688
5.7 14.4688
5.1 14.4688
7.5 14.4688
6.9 14.4688
9.3 14.4688
8.7 14.4688
11.1 14.4688
10.5 14.4688
12.9 14.4688
12.3 14.4688
14.7 14.4688
14.1 14.4688
16.5 14.4688
15.9 14.4688
18.3 14.4688
17.7 14.4688
20.1 14.4688
19.5 14.4688
21.9 14.4688
21.3 14.4688
23.7 14.4688
23.1 14.4688
25.5 14.4688
24.9 14.4688
27.3 14.4688
26.7 14.4688
29.1 14.4688
28.5 14.4688
30.9 14.4688
30.3 14.4688
32.7 14.4688
32.1 14.4688
34.5 14.4688
33.9 14.4688
36.3 14.4688
35.7 14.4688
38.1 14.4688
37.5 14.4688
39.9 14.4688
39.3 14.4688
41.7 14.4688
41.1 14.4688
43.5 14.4688
42.9 14.4688
45.3 14.4688
44.7 14.4688
47.1 14.4688
46.5 14.4688
48.9 14.4688
48.3 14.4688
50 14.2956
1.2 14.9885
0.6 14.9885
3 14.9885
2.4 14.9885
4.8 14.9885
4.2 14.9885
6.6 14.9885
6 14.9885
8.4 14.9885
7.8 14.9885
10.2 14.9885
9.6 14.9885
12 14.9885
11.4 14.9885
13.8 14.9885
13.2 14.9885
15.6 14.9885
15 14.9885
17.4 14.9885
16.8 14.9885
19.2 14.9885
18.6 14.9885
21 14.9885
20.4 14.9885
22.8 14.9885
22.2 14.9885
24.6 14.9885
24 14.9885
26.4 14.9885
25.8 14.9885
28.2 14.9885
27.6 14.9885
30 14.9885
29.4 14.9885
31.8 14.9885
31.2 14.9885
33.6 14.9885
33 14.9885
35.4 14.9885
34.8 14.9885
37.2 14.9885
36.6 14.9885
39 14.9885
38.4 14.9885
40.8 14.9885
40.2 14.9885
42.6 14.9885
42 14.9885
44.4 14.9885
43.8 14.9885
46.2 14.9885
45.6 14.9885
48 14.9885
47.4 14.9885
50 14.642
49.8 14.9885
49.2 14.9885
0.3 15.5081
-0 15.5081
2.1 15.5081
1.5 15.5081
3.9 15.5081
3.3 15.5081
5.7 15.5081
5.1 15.5081
7.5 15.5081
6.9 15.5081
9.3 15.5081
8.7 15.5081
11.1 15.5081
10.5 15.5081
12.9 15.5081
12.3 15.5081
14.7 15.5081
14.1 15.5081
16.5 15.5081
15.9 15.5081
18.3 15.5081
17.7 15.5081
20.1 15.5081
19.5 15.5081
21.9 15.5081
21.3 15.5081
23.7 15.5081
23.1 15.5081
25.5 15.5081
24.9 15.5081
27.3 15.5081
26.7 15.5081
29.1 15.5081
28.5 15.5081
30.9 15.5081
30.3 15.5081
32.7 15.5081
32.1 15.5081
34.5 15.5081
33.9 15.5081
36.3 15.5081
35.7 15.5081
38.1 15.5081
37.5 15.5081
39.9 15.5081
39.3 15.5081
41.7 15.5081
41.1 15.5081
43.5 15.5081
42.9 15.5081
45.3 15.5081
44.7 15.5081
47.1 15.5081
46.5 15.5081
48.9 15.5081
48.3 15.5081
50 15.3349
1.2 16.0277
0.6 16.0277
3 16.0277
2.4 16.0277
4.8 16.0277
4.2 16.0277
6.6 16.0277
6 16.0277
8.4 16.0277
7.8 16.0277
10.2 16.0277
9.6 16.0277
12 16.0277
11.4 16.0277
13.8 16.0277
13.2 16.0277
15.6 16.0277
15 16.0277
17.4 16.0277
16.8 16.0277
19.2 16.0277
18.6 16.0277
21 16.0277
20.4 16.0277
22.8 16.0277
22.2 16.0277
24.6 16.0277
24 16.0277
26.4 16.0277
25.8 16.0277
28.2 16.0277
27.6 16.0277
30 16.0277
29.4 16.0277
31.8 16.0277
31.2 16.0277
33.6 16.0277
33 16.0277
35.4 16.0277
34.8 16.0277
37.2 16.0277
36.6 16.0277
39 16.0277
38.4 16.0277
40.8 16.0277
40.2 16.0277
42.6 16.0277
42 16.0277
44.4 16.0277
43.8 16.0277
46.2 16.0277
45.6 16.0277
48 16.0277
47.4 16.0277
50 15.6813
49.8 16.0277
49.2 16.0277
0.3 16.5473
-0 16.5473
2.1 16.5473
1.5 16.5473
3.9 16.5473
3.3 16.5473
5.7 16.5473
5.1 16.5473
7.5 16.5473
6.9 16.5473
9.3 16.5473
8.7 16.5473
11.1 16.5473
10.5 16.5473
12.9 16.5473
12.3 16.5473
14.7 16.5473
14.1 16.5473
16.5 16.5473
15.9 16.5473
18.3 16.5473
17.7 16.5473
20.1 16.5473
19.5 16.5473
21.9 16.5473
21.3 16.5473
23.7 16.5473
23.1 16.5473
25.5 16.5473
24.9 16.5473
27.3 16.5473
26.7 16.5473
29.1 16.5473
28.5 16.5473
30.9 16.5473
30.3 16.5473
32.7 16.5473
32.1 16.5473
34.5 16.5473
33.9 16.5473
36.3 16.5473
35.7 16.5473
38.1 16.5473
37.5 16.5473
39.9 16.5473
39.3 16.5473
41.7 16.5473
41.1 16.5473
43.5 16.5473
42.9 16.5473
45.3 16.5473
44.7 16.5473
47.1 16.5473
46.5 16.5473
48.9 16.5473
48.3 16.5473
50 16.3741
1.2 17.0669
0.6 17.0669
3 17.0669
2.4 17.0669
4.8 17.0669
4.2 17.0669
6.6 17.0669
6 17.0669
8.4 17.0669
7.8 17.0669
10.2 17.0669
9.6 17.0669
12 17.0669
11.4 17.0669
13.8 17.0669
13.2 17.0669
15.6 17.0669
15 17.0669
17.4 17.0669
16.8 17.0669
19.2 17.0669
18.6 17.0669
21 17.0669
20.4 17.0669
22.8 17.0669
22.2 17.0669
24.6 17.0669
24 17.0669
26.4 17.0669
25.8 17.0669
28.2 17.0669
27.6 17.0669
30 17.0669
29.4 17.0669
31.8 17.0669
31.2 17.0669
33.6 17.0669
33 17.0669
35.4 17.0669
34.8 17.0669
37.2 17.0669
36.6 17.0669
39 17.0669
38.4 17.0669
40.8 17.0669
40.2 17.0669
42.6 17.0669
42 17.0669
44.4 17.0669
43.8 17.0669
46.2 17.0669
45.6 17.0669
48 17.0669
47.4 17.0669
50 16.7205
49.8 17.0669
49.2 17.0669
0.3 17.5865
-0 17.5865
2.1 17.5865
1.5 17.5865
3.9 17.5865
3.3 17.5865
5.7 17.5865
5.1 17.5865
7.5 17.5865
6.9 17.5865
9.3 17.5865
8.7 17.5865
11.1 17.5865
10.5 17.5865
12.9 17.5865
12.3 17.5865
14.7 17.5865
14.1 17.5865
16.5 17.5865
15.9 17.5865
18.3 17.5865
17.7 17.5865
20.1 17.5865
19.5 17.5865
21.9 17.5865
21.3 17.5865
23.7 17.5865
23.1 17.5865
25.5 17.5865
24.9 17.5865
27.3 17.5865
26.7 17.5865
29.1 17.5865
28.5 17.5865
30.9 17.5865
30.3 17.5865
32.7 17.5865
32.1 17.5865
34.5 17.5865
33.9 17.5865
36.3 17.5865
35.7 17.5865
38.1 17.5865
37.5 17.5865
39.9 17.5865
39.3 17.5865
41.7 17.5865
41.1 17.5865
43.5 17.5865
42.9 17.5865
45.3 17.5865
44.7 17.5865
47.1 17.5865
46.5 17.5865
48.9 17.5865
48.3 17.5865
50 17.4133
1.2 18.1061
0.6 18.1061
3 18.1061
2.4 18.1061
4.8 18.1061
4.2 18.1061
6.6 18.1061
6 18.1061
8.4 18.1061
7.8 18.1061
10.2 18.1061
9.6 18.1061
12 18.1061
11.4 18.1061
13.8 18.1061
13.2 18.1061
15.6 18.1061
15 18.1061
17.4 18.1061
16.8 18.1061
19.2 18.1061
18.6 18.1061
21 18.1061
20.4 18.1061
22.8 18.1061
22.2 18.1061
24.6 18.1061
24 18.1061
26.4 18.1061
25.8 18.1061
28.2 18.1061
27.6 18.1061
30 18.1061
29.4 18.1061
31.8 18.1061
31.2 18.1061
33.6 18.1061
33 18.1061
35.4 18.1061
34.8 18.1061
37.2 18.1061
36.6 18.1061
39 18.1061
38.4 18.1061
40.8 18.1061
40.2 18.1061
42.6 18.1061
42 18.1061
44.4 18.1061
43.8 18.1061
46.2 18.1061
45.6 18.1061
48 18.1061
47.4 18.1061
50 17.7597
49.8 18.1061
49.2 18.1061
0.3 18.6258
-0 18.6258
2.1 18.6258
1.5 18.6258
3.9 18.6258
3.3 18.6258
5.7 18.6258
5.1 18.6258
7.5 18.6258
6.9 18.6258
9.3 18.6258
8.7 18.6258
11.1 18.6258
10.5 18.6258
12.9 18.6258
12.3 18.6258
14.7 18.6258
14.1 18.6258
16.5 18.6258
15.9 18.6258
18.3 18.6258
17.7 18.6258
20.1 18.6258
19.5 18.6258
21.9 18.6258
21.3 18.6258
23.7 18.6258
23.1 18.6258
25.5 18.6258
24.9 18.6258
27.3 18.6258
26.7 18.6258
29.1 18.6258
28.5 18.6258
30.9 18.6258
30.3 18.6258
32.7 18.6258
32.1 18.6258
34.5 18.6258
33.9 18.6258
36.3 18.6258
35.7 18.6258
38.1 18.6258
37.5 18.6258
39.9 18.6258
39.3 18.6258
41.7 18.6258
41.1 18.6258
43.5 18.6258
42.9 18.6258
45.3 18.6258
44.7 18.6258
47.1 18.6258
46.5 18.6258
48.9 18.6258
48.3 18.6258
50 18.4526
1.2 19.1454
0.6 19.1454
3 19.1454
2.4 19.1454
4.8 19.1454
4.2 19.1454
6.6 19.1454
6 19.1454
8.4 19.1454
7.8 19.1454
10.2 19.1454
9.6 19.1454
12 19.1454
11.4 19.1454
13.8 19.1454
13.2 19.1454
15.6 19.1454
15 19.1454
17.4 19.1454
16.8 19.1454
19.2 19.1454
18.6 19.1454
21 19.1454
20.4 19.1454
22.8 19.1454
22.2 19.1454
24.6 19.1454
24 19.1454
26.4 19.1454
25.8 19.1454
28.2 19.1454
27.6 19.1454
30 19.1454
29.4 19.1454
31.8 19.1454
31.2 19.1454
33.6 19.1454
33 19.1454
35.4 19.1454
34.8 19.1454
37.2 19.1454
36.6 19.1454
39 19.1454
38.4 19.1454
40.8 19.1454
40.2 19.1454
42.6 19.1454
42 19.1454
44.4 19.1454
43.8 19.1454
46.2 19.1454
45.6 19.1454
48 19.1454
47.4 19.1454
50 18.799
49.8 19.1454
49.2 19.1454
0.3 19.665
-0 19.665
2.1 19.665
1.5 19.665
3.9 19.665
3.3 19.665
5.7 19.665
5.1 19.665
7.5 19.665
6.9 19.665
9.3 19.665
8.7 19.665
11.1 19.665
10.5 19.665
12.9 19.665
12.3 19.665
14.7 19.665
14.1 19.665
16.5 19.665
15.9 19.665
18.3 19.665
17.7 19.665
20.1 19.665
19.5 19.665
21.9 19.665
21.3 19.665
23.7 19.665
23.1 19.665
25.5 19.665
24.9 19.665
27.3 19.665
26.7 19.665
29.1 19.665
28.5 19.665
30.9 19.665
30.3 19.665
32.7 19.665
32.1 19.665
34.5 19.665
33.9 19.665
36.3 19.665
35.7 19.665
38.1 19.665
37.5 19.665
39.9 19.665
39.3 19.665
41.7 19.665
41.1 19.665
43.5 19.665
42.9 19.665
45.3 19.665
44.7 19.665
47.1 19.665
46.5 19.665
48.9 19.665
48.3 19.665
50 19.4918
1.2 20.1846
0.6 20.1846
3 20.1846
2.4 20.1846
4.8 20.1846
4.2 20.1846
6.6 20.1846
6 20.1846
8.4 20.1846
7.8 20.1846
10.2 20.1846
9.6 20.1846
12 20.1846
11.4 20.1846
13.8 20.1846
13.2 20.1846
15.6 20.1846
15 20.1846
17.4 20.1846
16.8 20.1846
19.2 20.1846
18.6 20.1846
21 20.1846
20.4 20.1846
22.8 20.1846
22.2 20.1846
24.6 20.1846
24 20.1846
26.4 20.1846
25.8 20.1846
28.2 20.1846
27.6 20.1846
30 20.1846
29.4 20.1846
31.8 20.1846
31.2 20.1846
33.6 20.1846
33 20.1846
35.4 20.1846
34.8 20.1846
37.2 20.1846
36.6 20.1846
39 20.1846
38.4 20.1846
40.8 20.1846
40.2 20.1846
42.6 20.1846
42 20.1846
44.4 20.1846
43.8 20.1846
46.2 20.1846
45.6 20.1846
48 20.1846
47.4 20.1846
50 19.8382
49.8 20.1846
49.2 20.1846
0.3 20.7042
-0 20.7042
2.1 20.7042
1.5 20.7042
3.9 20.7042
3.3 20.7042
5.7 20.7042
5.1 20.7042
7.5 20.7042
6.9 20.7042
9.3 20.7042
8.7 20.7042
11.1 20.7042
10.5 20.7042
12.9 20.7042
12.3 20.7042
14.7 20.7042
14.1 20.7042
16.5 20.7042
15.9 20.7042
18.3 20.7042
17.7 20.7042
20.1 20.7042
19.5 20.7042
21.9 20.7042
21.3 20.7042
23.7 20.7042
23.1 20.7042
25.5 20.7042
24.9 20.7042
27.3 20.7042
26.7 20.7042
29.1 20.7042
28.5 20.7042
30.9 20.7042
30.3 20.7042
32.7 20.7042
32.1 20.7042
34.5 20.7042
33.9 20.7042
36.3 20.7042
35.7 20.7042
38.1 20.7042
37.5 20.7042
39.9 20.7042
39.3 20.7042
41.7 20.7042
41.1 20.7042
43.5 20.7042
42.9 20.7042
45.3 20.7042
44.7 20.7042
47.1 20.7042
46.5 20.7042
48.9 20.7042
48.3 20.7042
50 20.531
1.2 21.2238
0.6 21.2238
3 21.2238
2.4 21.2238
4.8 21.2238
4.2 21.2238
6.6 21.2238
6 21.2238
8.4 21.2238
7.8 21.2238
10.2 21.2238
9.6 21.2238
12 21.2238
11.4 21.2238
13.8 21.2238
13.2 21.2238
15.6 21.2238
15 21.2238
17.4 21.2238
16.8 21.2238
19.2 21.2238
18.6 21.2238
21 21.2238
20.4 21.2238
22.8 21.2238
22.2 21.2238
24.6 21.2238
24 21.2238
26.4 21.2238
25.8 21.2238
28.2 21.2238
27.6 21.2238
30 21.2238
29.4 21.2238
31.8 21.2238
31.2 21.2238
33.6 21.2238
33 21.2238
35.4 21.2238
34.8 21.2238
37.2 21.2238
36.6 21.2238
39 21.2238
38.4 21.2238
40.8 21.2238
40.2 21.2238
42.6 21.2238
42 21.2238
44.4 21.2238
43.8 21.2238
46.2 21.2238
45.6 21.2238
48 21.2238
47.4 21.2238
50 20.8774
49.8 21.2238
49.2 21.2238
0.3 21.7435
-0 21.7435
2.1 21.7435
1.5 21.7435
3.9 21.7435
3.3 21.7435
5.7 21.7435
5.1 21.7435
7.5 21.7435
6.9 21.7435
9.3 21.7435
8.7 21.7435
11.1 21.7435
10.5 21.7435
12.9 21.7435
12.3 21.7435
14.7 21.7435
14.1 21.7435
16.5 21.7435
15.9 21.7435
18.3 21.7435
17.7 21.7435
20.1 21.7435
19.5 21.7435
21.9 21.7435
21.3 21.7435
23.7 21.7435
23.1 21.7435
25.5 21.7435
24.9 21.7435
27.3 21.7435
26.7 21.7435
29.1 21.7435
28.5 21.7435
30.9 21.7435
30.3 21.7435
32.7 21.7435
32.1 21.7435
34.5 21.7435
33.9 21.7435
36.3 21.7435
35.7 21.7435
38.1 21.7435
37.5 21.7435
39.9 21.7435
39.3 21.7435
41.7 21.7435
41.1 21.7435
43.5 21.7435
42.9 21.7435
45.3 21.7435
44.7 21.7435
47.1 21.7435
46.5 21.7435
48.9 21.7435
48.3 21.7435
50 21.5703
1.2 22.2631
0.6 22.2631
3 22.2631
2.4 22.2631
4.8 22.2631
4.2 22.2631
6.6 22.2631
6 22.2631
8.4 22.2631
7.8 22.2631
10.2 22.2631
9.6 22.2631
12 22.2631
11.4 22.2631
13.8 22.2631
13.2 22.2631
15.6 22.2631
15 22.2631
17.4 22.2631
16.8 22.2631
19.2 22.2631
18.6 22.2631
21 22.2631
20.4 22.2631
22.8 22.2631
22.2 22.2631
24.6 22.2631
24 22.2631
26.4 22.2631
25.8 22.2631
28.2 22.2631
27.6 22.2631
30 22.2631
29.4 22.2631
31.8 22.2631
31.2 22.2631
33.6 22.2631
33 22.2631
35.4 22.2631
34.8 22.2631
37.2 22.2631
36.6 22.2631
39 22.2631
38.4 22.2631
40.8 22.2631
40.2 22.2631
42.6 22.2631
42 22.2631
44.4 22.2631
43.8 22.2631
46.2 22.2631
45.6 22.2631
48 22.2631
47.4 22.2631
50 21.9167
49.8 22.2631
49.2 22.2631
0.3 22.7827
-0 22.7827
2.1 22.7827
1.5 22.7827
3.9 22.7827
3.3 22.7827
5.7 22.7827
5.1 22.7827
7.5 22.7827
6.9 22.7827
9.3 22.7827
8.7 22.7827
11.1 22.7827
10.5 22.7827
12.9 22.7827
12.3 22.7827
14.7 22.7827
14.1 22.7827
16.5 22.7827
15.9 22.7827
18.3 22.7827
17.7 22.7827
20.1 22.7827
19.5 22.7827
21.9 22.7827
21.3 22.7827
23.7 22.7827
23.1 22.7827
25.5 22.7827
24.9 22.7827
27.3 22.7827
26.7 22.7827
29.1 22.7827
28.5 22.7827
30.9 22.7827
30.3 22.7827
32.7 22.7827
32.1 22.7827
34.5 22.7827
33.9 22.7827
36.3 22.7827
35.7 22.7827
38.1 22.7827
37.5 22.7827
39.9 22.7827
39.3 22.7827
41.7 22.7827
41.1 22.7827
43.5 22.7827
42.9 22.7827
45.3 22.7827
44.7 22.7827
47.1 22.7827
46.5 22.7827
48.9 22.7827
48.3 22.7827
50 22.6095
1.2 23.3023
0.6 23.3023
3 23.3023
2.4 23.3023
4.8 23.3023
4.2 23.3023
6.6 23.3023
6 23.3023
8.4 23.3023
7.8 23.3023
10.2 23.3023
9.6 23.3023
12 23.3023
11.4 23.3023
13.8 23.3023
13.2 23.3023
15.6 23.3023
15 23.3023
17.4 23.3023
16.8 23.3023
19.2 23.3023
18.6 23.3023
21 23.3023
20.4 23.3023
22.8 23.3023
22.2 23.3023
24.6 23.3023
24 23.3023
26.4 23.3023
25.8 23.3023
28.2 23.3023
27.6 23.3023
30 23.3023
29.4 23.3023
31.8 23.3023
31.2 23.3023
33.6 23.3023
33 23.3023
35.4 23.3023
34.8 23.3023
37.2 23.3023
36.6 23.3023
39 23.3023
38.4 23.3023
40.8 23.3023
40.2 23.3023
42.6 23.3023
42 23.3023
44.4 23.3023
43.8 23.3023
46.2 23.3023
45.6 23.3023
48 23.3023
47.4 23.3023
50 22.9559
49.8 23.3023
49.2 23.3023
0.3 23.8219
-0 23.8219
2.1 23.8219
1.5 23.8219
3.9 23.8219
3.3 23.8219
5.7 23.8219
5.1 23.8219
7.5 23.8219
6.9 23.8219
9.3 23.8219
8.7 23.8219
11.1 23.8219
10.5 23.8219
12.9 23.8219
12.3 23.8219
14.7 23.8219
14.1 23.8219
16.5 23.8219
15.9 23.8219
18.3 23.8219
17.7 23.8219
20.1 23.8219
19.5 23.8219
21.9 23.8219
21.3 23.8219
23.7 23.8219
23.1 23.8219
25.5 23.8219
24.9 23.8219
27.3 23.8219
26.7 23.8219
29.1 23.8219
28.5 23.8219
30.9 23.8219
30.3 23.8219
32.7 23.8219
32.1 23.8219
34.5 23.8219
33.9 23.8219
36.3 23.8219
35.7 23.8219
38.1 23.8219
37.5 23.8219
39.9 23.8219
39.3 23.8219
41.7 23.8219
41.1 23.8219
43.5 23.8219
42.9 23.8219
45.3 23.8219
44.7 23.8219
47.1 23.8219
46.5 23.8219
48.9 23.8219
48.3 23.8219
50 23.6487
1.2 24.3415
0.6 24.3415
3 24.3415
2.4 24.3415
4.8 24.3415
4.2 24.3415
6.6 24.3415
6 24.3415
8.4 24.3415
7.8 24.3415
10.2 24.3415
9.6 24.3415
12 24.3415
11.4 24.3415
13.8 24.3415
13.2 24.3415
15.6 24.3415
15 24.3415
17.4 24.3415
16.8 24.3415
19.2 24.3415
18.6 24.3415
21 24.3415
20.4 24.3415
22.8 24.3415
22.2 24.3415
24.6 24.3415
24 24.3415
26.4 24.3415
25.8 24.3415
28.2 24.3415
27.6 24.3415
30 24.3415
29.4 24.3415
31.8 24.3415
31.2 24.3415
33.6 24.3415
33 24.3415
35.4 24.3415
34.8 24.3415
37.2 24.3415
36.6 24.3415
39 24.3415
38.4 24.3415
40.8 24.3415
40.2 24.3415
42.6 24.3415
42 24.3415
44.4 24.3415
43.8 24.3415
46.2 24.3415
45.6 24.3415
48 24.3415
47.4 24.3415
50 23.9951
49.8 24.3415
49.2 24.3415
0.3 24.8611
-0 24.8611
2.1 24.8611
1.5 24.8611
3.9 24.8611
3.3 24.8611
5.7 24.8611
5.1 24.8611
7.5 24.8611
6.9 24.8611
9.3 24.8611
8.7 24.8611
11.1 24.8611
10.5 24.8611
12.9 24.8611
12.3 24.8611
14.7 24.8611
14.1 24.8611
16.5 24.8611
15.9 24.8611
18.3 24.8611
17.7 24.8611
20.1 24.8611
19.5 24.8611
21.9 24.8611
21.3 24.8611
23.7 24.8611
23.1 24.8611
25.5 24.8611
24.9 24.8611
27.3 24.8611
26.7 24.8611
29.1 24.8611
28.5 24.8611
30.9 24.8611
30.3 24.8611
32.7 24.8611
32.1 24.8611
34.5 24.8611
33.9 24.8611
36.3 24.8611
35.7 24.8611
38.1 24.8611
37.5 24.8611
39.9 24.8611
39.3 24.8611
41.7 24.8611
41.1 24.8611
43.5 24.8611
42.9 24.8611
45.3 24.8611
44.7 24.8611
47.1 24.8611
46.5 24.8611
48.9 24.8611
48.3 24.8611
50 24.6879
1.2 25.3808
0.6 25.3808
3 25.3808
2.4 25.3808
4.8 25.3808
4.2 25.3808
6.6 25.3808
6 25.3808
8.4 25.3808
7.8 25.3808
10.2 25.3808
9.6 25.3808
12 25.3808
11.4 25.3808
13.8 25.3808
13.2 25.3808
15.6 25.3808
15 25.3808
17.4 25.3808
16.8 25.3808
19.2 25.3808
18.6 25.3808
21 25.3808
20.4 25.3808
22.8 25.3808
22.2 25.3808
24.6 25.3808
24 25.3808
26.4 25.3808
25.8 25.3808
28.2 25.3808
27.6 25.3808
30 25.3808
29.4 25.3808
31.8 25.3808
31.2 25.3808
33.6 25.3808
33 25.3808
35.4 25.3808
34.8 25.3808
37.2 25.3808
36.6 25.3808
39 25.3808
38.4 25.3808
40.8 25.3808
40.2 25.3808
42.6 25.3808
42 25.3808
44.4 25.3808
43.8 25.3808
46.2 25.3808
45.6 25.3808
48 25.3808
47.4 25.3808
50 25.0344
49.8 25.3808
49.2 25.3808
0.3 25.9004
-0 25.9004
2.1 25.9004
1.5 25.9004
3.9 25.9004
3.3 25.9004
5.7 25.9004
5.1 25.9004
7.5 25.9004
6.9 25.9004
9.3 25.9004
8.7 25.9004
11.1 25.9004
10.5 25.9004
12.9 25.9004
12.3 25.9004
14.7 25.9004
14.1 25.9004
16.5 25.9004
15.9 25.9004
18.3 25.9004
17.7 25.9004
20.1 25.9004
19.5 25.9004
21.9 25.9004
21.3 25.9004
23.7 25.9004
23.1 25.9004
25.5 25.9004
24.9 25.9004
27.3 25.9004
26.7 25.9004
29.1 25.9004
28.5 25.9004
30.9 25.9004
30.3 25.9004
32.7 25.9004
32.1 25.9004
34.5 25.9004
33.9 25.9004
36.3 25.9004
35.7 25.9004
38.1 25.9004
37.5 25.9004
39.9 25.9004
39.3 25.9004
41.7 25.9004
41.1 25.9004
43.5 25.9004
42.9 25.9004
45.3 25.9004
44.7 25.9004
47.1 25.9004
46.5 25.9004
48.9 25.9004
48.3 25.9004
50 25.7272
1.2 26.42
0.6 26.42
3 26.42
2.4 26.42
4.8 26.42
4.2 26.42
6.6 26.42
6 26.42
8.4 26.42
7.8 26.42
10.2 26.42
9.6 26.42
12 26.42
11.4 26.42
13.8 26.42
13.2 26.42
15.6 26.42
15 26.42
17.4 26.42
16.8 26.42
19.2 26.42
18.6 26.42
21 26.42
20.4 26.42
22.8 26.42
22.2 26.42
24.6 26.42
24 26.42
26.4 26.42
25.8 26.42
28.2 26.42
27.6 26.42
30 26.42
29.4 26.42
31.8 26.42
31.2 26.42
33.6 26.42
33 26.42
35.4 26.42
34.8 26.42
37.2 26.42
36.6 26.42
39 26.42
38.4 26.42
40.8 26.42
40.2 26.42
42.6 26.42
42 26.42
44.4 26.42
43.8 26.42
46.2 26.42
45.6 26.42
48 26.42
47.4 26.42
50 26.0736
49.8 26.42
49.2 26.42
0.3 26.9396
-0 26.9396
2.1 26.9396
1.5 26.9396
3.9 26.9396
3.3 26.9396
5.7 26.9396
5.1 26.9396
7.5 26.9396
6.9 26.9396
9.3 26.9396
8.7 26.9396
11.1 26.9396
10.5 26.9396
12.9 26.9396
12.3 26.9396
14.7 26.9396
14.1 26.9396
16.5 26.9396
15.9 26.9396
18.3 26.9396
17.7 26.9396
20.1 26.9396
19.5 26.9396
21.9 26.9396
21.3 26.9396
23.7 26.9396
23.1 26.9396
25.5 26.9396
24.9 26.9396
27.3 26.9396
26.7 26.9396
29.1 26.9396
28.5 26.9396
30.9 26.9396
30.3 26.9396
32.7 26.9396
32.1 26.9396
34.5 26.9396
33.9 26.9396
36.3 26.9396
35.7 26.9396
38.1 26.9396
37.5 26.9396
39.9 26.9396
39.3 26.9396
41.7 26.9396
41.1 26.9396
43.5 26.9396
42.9 26.9396
45.3 26.9396
44.7 26.9396
47.1 26.9396
46.5 26.9396
48.9 26.9396
48.3 26.9396
50 26.7664
1.2 27.4592
0.6 27.4592
3 27.4592
2.4 27.4592
4.8 27.4592
4.2 27.4592
6.6 27.4592
6 27.4592
8.4 27.4592
7.8 27.4592
10.2 27.4592
9.6 27.4592
12 27.4592
11.4 27.4592
13.8 27.4592
13.2 27.4592
15.6 27.4592
15 27.4592
17.4 27.4592
16.8 27.4592
19.2 27.4592
18.6 27.4592
21 27.4592
20.4 27.4592
22.8 27.4592
22.2 27.4592
24.6 27.4592
24 27.4592
26.4 27.4592
25.8 27.4592
28.2 27.4592
27.6 27.4592
30 27.4592
29.4 27.4592
31.8 27.4592
31.2 27.4592
33.6 27.4592
33 27.4592
35.4 27.4592
34.8 27.4592
37.2 27.4592
36.6 27.4592
39 27.4592
38.4 27.4592
40.8 27.4592
40.2 27.4592
42.6 27.4592
42 27.4592
44.4 27.4592
43.8 27.4592
46.2 27.4592
45.6 27.4592
48 27.4592
47.4 27.4592
50 27.1128
49.8 27.4592
49.2 27.4592
0.3 27.9788
-0 27.9788
2.1 27.9788
1.5 27.9788
3.9 27.9788
3.3 27.9788
5.7 27.9788
5.1 27.9788
7.5 27.9788
6.9 27.9788
9.3 27.9788
8.7 27.9788
11.1 27.9788
10.5 27.9788
12.9 27.9788
12.3 27.9788
14.7 27.9788
14.1 27.9788
16.5 27.9788
15.9 27.9788
18.3 27.9788
17.7 27.9788
20.1 27.9788
19.5 27.9788
21.9 27.9788
21.3 27.9788
23.7 27.9788
23.1 27.9788
25.5 27.9788
24.9 27.9788
27.3 27.9788
26.7 27.9788
29.1 27.9788
28.5 27.9788
30.9 27.9788
30.3 27.9788
32.7 27.9788
32.1 27.9788
34.5 27.9788
33.9 27.9788
36.3 27.9788
35.7 27.9788
38.1 27.9788
37.5 27.9788
39.9 27.9788
39.3 27.9788
41.7 27.9788
41.1 27.9788
43.5 27.9788
42.9 27.9788
45.3 27.9788
44.7 27.9788
47.1 27.9788
46.5 27.9788
48.9 27.9788
48.3 27.9788
50 27.8056
1.2 28.4985
0.6 28.4985
3 28.4985
2.4 28.4985
4.8 28.4985
4.2 28.4985
6.6 28.4985
6 28.4985
8.4 28.4985
7.8 28.4985
10.2 28.4985
9.6 28.4985
12 28.4985
11.4 28.4985
13.8 28.4985
13.2 28.4985
15.6 28.4985
15 28.4985
17.4 28.4985
16.8 28.4985
19.2 28.4985
18.6 28.4985
21 28.4985
20.4 28.4985
22.8 28.4985
22.2 28.4985
24.6 28.4985
24 28.4985
26.4 28.4985
25.8 28.4985
28.2 28.4985
27.6 28.4985
30 28.4985
29.4 28.4985
31.8 28.4985
31.2 28.4985
33.6 28.4985
33 28.4985
35.4 28.4985
34.8 28.4985
37.2 28.4985
36.6 28.4985
39 28.4985
38.4 28.4985
40.8 28.4985
40.2 28.4985
42.6 28.4985
42 28.4985
44.4 28.4985
43.8 28.4985
46.2 28.4985
45.6 28.4985
48 28.4985
47.4 28.4985
50 28.152
49.8 28.4985
49.2 28.4985
0.3 29.0181
-0 29.0181
2.1 29.0181
1.5 29.0181
3.9 29.0181
3.3 29.0181
5.7 29.0181
5.1 29.0181
7.5 29.0181
6.9 29.0181
9.3 29.0181
8.7 29.0181
11.1 29.0181
10.5 29.0181
12.9 29.0181
12.3 29.0181
14.7 29.0181
14.1 29.0181
16.5 29.0181
15.9 29.0181
18.3 29.0181
17.7 29.0181
20.1 29.0181
19.5 29.0181
21.9 29.0181
21.3 29.0181
23.7 29.0181
23.1 29.0181
25.5 29.0181
24.9 29.0181
27.3 29.0181
26.7 29.0181
29.1 29.0181
28.5 29.0181
30.9 29.0181
30.3 29.0181
32.7 29.0181
32.1 29.0181
34.5 29.0181
33.9 29.0181
36.3 29.0181
35.7 29.0181
38.1 29.0181
37.5 29.0181
39.9 29.0181
39.3 29.0181
41.7 29.0181
41.1 29.0181
43.5 29.0181
42.9 29.0181
45.3 29.0181
44.7 29.0181
47.1 29.0181
46.5 29.0181
48.9 29.0181
48.3 29.0181
50 28.8449
1.2 29.5377
0.6 29.5377
3 29.5377
2.4 29.5377
4.8 29.5377
4.2 29.5377
6.6 29.5377
6 29.5377
8.4 29.5377
7.8 29.5377
10.2 29.5377
9.6 29.5377
12 29.5377
11.4 29.5377
13.8 29.5377
13.2 29.5377
15.6 29.5377
15 29.5377
17.4 29.5377
16.8 29.5377
19.2 29.5377
18.6 29.5377
21 29.5377
20.4 29.5377
22.8 29.5377
22.2 29.5377
24.6 29.5377
24 29.5377
26.4 29.5377
25.8 29.5377
28.2 29.5377
27.6 29.5377
30 29.5377
29.4 29.5377
31.8 29.5377
31.2 29.5377
33.6 29.5377
33 29.5377
35.4 29.5377
34.8 29.5377
37.2 29.5377
36.6 29.5377
39 29.5377
38.4 29.5377
40.8 29.5377
40.2 29.5377
42.6 29.5377
42 29.5377
44.4 29.5377
43.8 29.5377
46.2 29.5377
45.6 29.5377
48 29.5377
47.4 29.5377
50 29.1913
49.8 29.5377
49.2 29.5377
0.3 30.0573
-0 30.0573
2.1 30.0573
1.5 30.0573
3.9 30.0573
3.3 30.0573
5.7 30.0573
5.1 30.0573
7.5 30.0573
6.9 30.0573
9.3 30.0573
8.7 30.0573
11.1 30.0573
10.5 30.0573
12.9 30.0573
12.3 30.0573
14.7 30.0573
14.1 30.0573
16.5 30.0573
15.9 30.0573
18.3 30.0573
17.7 30.0573
20.1 30.0573
19.5 30.0573
21.9 30.0573
21.3 30.0573
23.7 30.0573
23.1 30.0573
25.5 30.0573
24.9 30.0573
27.3 30.0573
26.7 30.0573
29.1 30.0573
28.5 30.0573
30.9 30.0573
30.3 30.0573
32.7 30.0573
32.1 30.0573
34.5 30.0573
33.9 30.0573
36.3 30.0573
35.7 30.0573
38.1 30.0573
37.5 30.0573
39.9 30.0573
39.3 30.0573
41.7 30.0573
41.1 30.0573
43.5 30.0573
42.9 30.0573
45.3 30.0573
44.7 30.0573
47.1 30.0573
46.5 30.0573
48.9 30.0573
48.3 30.0573
50 29.8841
1.2 30.5769
0.6 30.5769
3 30.5769
2.4 30.5769
4.8 30.5769
4.2 30.5769
6.6 30.5769
6 30.5769
8.4 30.5769
7.8 30.5769
10.2 30.5769
9.6 30.5769
12 30.5769
11.4 30.5769
13.8 30.5769
13.2 30.5769
15.6 30.5769
15 30.5769
17.4 30.5769
16.8 30.5769
19.2 30.5769
18.6 30.5769
21 30.5769
20.4 30.5769
22.8 30.5769
22.2 30.5769
24.6 30.5769
24 30.5769
26.4 30.5769
25.8 30.5769
28.2 30.5769
27.6 30.5769
30 30.5769
29.4 30.5769
31.8 30.5769
31.2 30.5769
33.6 30.5769
33 30.5769
35.4 30.5769
34.8 30.5769
37.2 30.5769
36.6 30.5769
39 30.5769
38.4 30.5769
40.8 30.5769
40.2 30.5769
42.6 30.5769
42 30.5769
44.4 30.5769
43.8 30.5769
46.2 30.5769
45.6 30.5769
48 30.5769
47.4 30.5769
50 30.2305
49.8 30.5769
49.2 30.5769
0.3 31.0965
-0 31.0965
2.1 31.0965
1.5 31.0965
3.9 31.0965
3.3 31.0965
5.7 31.0965
5.1 31.0965
7.5 31.0965
6.9 31.0965
9.3 31.0965
8.7 31.0965
11.1 31.0965
10.5 31.0965
12.9 31.0965
12.3 31.0965
14.7 31.0965
14.1 31.0965
16.5 31.0965
15.9 31.0965
18.3 31.0965
17.7 31.0965
20.1 31.0965
19.5 31.0965
21.9 31.0965
21.3 31.0965
23.7 31.0965
23.1 31.0965
25.5 31.0965
24.9 31.0965
27.3 31.0965
26.7 31.0965
29.1 31.0965
28.5 31.0965
30.9 31.0965
30.3 31.0965
32.7 31.0965
32.1 31.0965
34.5 31.0965
33.9 31.0965
36.3 31.0965
35.7 31.0965
38.1 31.0965
37.5 31.0965
39.9 31.0965
39.3 31.0965
41.7 31.0965
41.1 31.0965
43.5 31.0965
42.9 31.0965
45.3 31.0965
44.7 31.0965
47.1 31.0965
46.5 31.0965
48.9 31.0965
48.3 31.0965
50 30.9233
1.2 31.6161
0.6 31.6161
3 31.6161
2.4 31.6161
4.8 31.6161
4.2 31.6161
6.6 31.6161
6 31.6161
8.4 31.6161
7.8 31.6161
10.2 31.6161
9.6 31.6161
12 31.6161
11.4 31.6161
13.8 31.6161
13.2 31.6161
15.6 31.6161
15 31.6161
17.4 31.6161
16.8 31.6161
19.2 31.6161
18.6 31.6161
21 31.6161
20.4 31.6161
22.8 31.6161
22.2 31.6161
24.6 31.6161
24 31.6161
26.4 31.6161
25.8 31.6161
28.2 31.6161
27.6 31.6161
30 31.6161
29.4 31.6161
31.8 31.6161
31.2 31.6161
33.6 31.6161
33 31.6161
35.4 31.6161
34.8 31.6161
37.2 31.6161
36.6 31.6161
39 31.6161
38.4 31.6161
40.8 31.6161
40.2 31.6161
42.6 31.6161
42 31.6161
44.4 31.6161
43.8 31.6161
46.2 31.6161
45.6 31.6161
48 31.6161
47.4 31.6161
50 31.2697
49.8 31.6161
49.2 31.6161
0.3 32.1358
-0 32.1358
2.1 32.1358
1.5 32.1358
3.9 32.1358
3.3 32.1358
5.7 32.1358
5.1 32.1358
7.5 32.1358
6.9 32.1358
9.3 32.1358
8.7 32.1358
11.1 32.1358
10.5 32.1358
12.9 32.1358
12.3 32.1358
14.7 32.1358
14.1 32.1358
16.5 32.1358
15.9 32.1358
18.3 32.1358
17.7 32.1358
20.1 32.1358
19.5 32.1358
21.9 32.1358
21.3 32.1358
23.7 32.1358
23.1 32.1358
25.5 32.1358
24.9 32.1358
27.3 32.1358
26.7 32.1358
29.1 32.1358
28.5 32.1358
30.9 32.1358
30.3 32.1358
32.7 32.1358
32.1 32.1358
34.5 32.1358
33.9 32.1358
36.3 32.1358
35.7 32.1358
38.1 32.1358
37.5 32.1358
39.9 32.1358
39.3 32.1358
41.7 32.1358
41.1 32.1358
43.5 32.1358
42.9 32.1358
45.3 32.1358
44.7 32.1358
47.1 32.1358
46.5 32.1358
48.9 32.1358
48.3 32.1358
50 31.9626
1.2 32.6554
0.6 32.6554
3 32.6554
2.4 32.6554
4.8 32.6554
4.2 32.6554
6.6 32.6554
6 32.6554
8.4 32.6554
7.8 32.6554
10.2 32.6554
9.6 32.6554
12 32.6554
11.4 32.6554
13.8 32.6554
13.2 32.6554
15.6 32.6554
15 32.6554
17.4 32.6554
16.8 32.6554
19.2 32.6554
18.6 32.6554
21 32.6554
20.4 32.6554
22.8 32.6554
22.2 32.6554
24.6 32.6554
24 32.6554
26.4 32.6554
25.8 32.6554
28.2 32.6554
27.6 32.6554
30 32.6554
29.4 32.6554
31.8 32.6554
31.2 32.6554
33.6 32.6554
33 32.6554
35.4 32.6554
34.8 32.6554
37.2 32.6554
36.6 32.6554
39 32.6554
38.4 32.6554
40.8 32.6554
40.2 32.6554
42.6 32.6554
42 32.6554
44.4 32.6554
43.8 32.6554
46.2 32.6554
45.6 32.6554
48 32.6554
47.4 32.6554
50 32.309
49.8 32.6554
49.2 32.6554
0.3 33.175
-0 33.175
2.1 33.175
1.5 33.175
3.9 33.175
3.3 33.175
5.7 33.175
5.1 33.175
7.5 33.175
6.9 33.175
9.3 33.175
8.7 33.175
11.1 33.175
10.5 33.175
12.9 33.175
12.3 33.175
14.7 33.175
14.1 33.175
16.5 33.175
15.9 33.175
18.3 33.175
17.7 33.175
20.1 33.175
19.5 33.175
21.9 33.175
21.3 33.175
23.7 33.175
23.1 33.175
25.5 33.175
24.9 33.175
27.3 33.175
26.7 33.175
29.1 33.175
28.5 33.175
30.9 33.175
30.3 33.175
32.7 33.175
32.1 33.175
34.5 33.175
33.9 33.175
36.3 33.175
35.7 33.175
38.1 33.175
37.5 33.175
39.9 33.175
39.3 33.175
41.7 33.175
41.1 33.175
43.5 33.175
42.9 33.175
45.3 33.175
44.7 33.175
47.1 33.175
46.5 33.175
48.9 33.175
48.3 33.175
50 33.0018
1.2 33.6946
0.6 33.6946
3 33.6946
2.4 33.6946
4.8 33.6946
4.2 33.6946
6.6 33.6946
6 33.6946
8.4 33.6946
7.8 33.6946
10.2 33.6946
9.6 33.6946
12 33.6946
11.4 33.6946
13.8 33.6946
13.2 33.6946
15.6 33.6946
15 33.6946
17.4 33.6946
16.8 33.6946
19.2 33.6946
18.6 33.6946
21 33.6946
20.4 33.6946
22.8 33.6946
22.2 33.6946
24.6 33.6946
24 33.6946
26.4 33.6946
25.8 33.6946
28.2 33.6946
27.6 33.6946
30 33.6946
29.4 33.6946
31.8 33.6946
31.2 33.6946
33.6 33.6946
33 33.6946
35.4 33.6946
34.8 33.6946
37.2 33.6946
36.6 33.6946
39 33.6946
38.4 33.6946
40.8 33.6946
40.2 33.6946
42.6 33.6946
42 33.6946
44.4 33.6946
43.8 33.6946
46.2 33.6946
45.6 33.6946
48 33.6946
47.4 33.6946
50 33.3482
49.8 33.6946
49.2 33.6946
0.3 34.2142
-0 34.2142
2.1 34.2142
1.5 34.2142
3.9 34.2142
3.3 34.2142
5.7 34.2142
5.1 34.2142
7.5 34.2142
6.9 34.2142
9.3 34.2142
8.7 34.2142
11.1 34.2142
10.5 34.2142
12.9 34.2142
12.3 34.2142
14.7 34.2142
14.1 34.2142
16.5 34.2142
15.9 34.2142
18.3 34.2142
17.7 34.2142
20.1 34.2142
19.5 34.2142
21.9 34.2142
21.3 34.2142
23.7 34.2142
23.1 34.2142
25.5 34.2142
24.9 34.2142
27.3 34.2142
26.7 34.2142
29.1 34.2142
28.5 34.2142
30.9 34.2142
30.3 34.2142
32.7 34.2142
32.1 34.2142
34.5 34.2142
33.9 34.2142
36.3 34.2142
35.7 34.2142
38.1 34.2142
37.5 34.2142
39.9 34.2142
39.3 34.2142
41.7 34.2142
41.1 34.2142
43.5 34.2142
42.9 34.2142
45.3 34.2142
44.7 34.2142
47.1 34.2142
46.5 34.2142
48.9 34.2142
48.3 34.2142
50 34.041
1.2 34.7338
0.6 34.7338
3 34.7338
2.4 34.7338
4.8 34.7338
4.2 34.7338
6.6 34.7338
6 34.7338
8.4 34.7338
7.8 34.7338
10.2 34.7338
9.6 34.7338
12 34.7338
11.4 34.7338
13.8 34.7338
13.2 34.7338
15.6 34.7338
15 34.7338
17.4 34.7338
16.8 34.7338
19.2 34.7338
18.6 34.7338
21 34.7338
20.4 34.7338
22.8 34.7338
22.2 34.7338
24.6 34.7338
24 34.7338
26.4 34.7338
25.8 34.7338
28.2 34.7338
27.6 34.7338
30 34.7338
29.4 34.7338
31.8 34.7338
31.2 34.7338
33.6 34.7338
33 34.7338
35.4 34.7338
34.8 34.7338
37.2 34.7338
36.6 34.7338
39 34.7338
38.4 34.7338
40.8 34.7338
40.2 34.7338
42.6 34.7338
42 34.7338
44.4 34.7338
43.8 34.7338
46.2 34.7338
45.6 34.7338
48 34.7338
47.4 34.7338
50 34.3874
49.8 34.7338
49.2 34.7338
0.3 35.2535
-0 35.2535
2.1 35.2535
1.5 35.2535
3.9 35.2535
3.3 35.2535
5.7 35.2535
5.1 35.2535
7.5 35.2535
6.9 35.2535
9.3 35.2535
8.7 35.2535
11.1 35.2535
10.5 35.2535
12.9 35.2535
12.3 35.2535
14.7 35.2535
14.1 35.2535
16.5 35.2535
15.9 35.2535
18.3 35.2535
17.7 35.2535
20.1 35.2535
19.5 35.2535
21.9 35.2535
21.3 35.2535
23.7 35.2535
23.1 35.2535
25.5 35.2535
24.9 35.2535
27.3 35.2535
26.7 35.2535
29.1 35.2535
28.5 35.2535
30.9 35.2535
30.3 35.2535
32.7 35.2535
32.1 35.2535
34.5 35.2535
33.9 35.2535
36.3 35.2535
35.7 35.2535
38.1 35.2535
37.5 35.2535
39.9 35.2535
39.3 35.2535
41.7 35.2535
41.1 35.2535
43.5 35.2535
42.9 35.2535
45.3 35.2535
44.7 35.2535
47.1 35.2535
46.5 35.2535
48.9 35.2535
48.3 35.2535
50 35.0802
1.2 35.7731
0.6 35.7731
3 35.7731
2.4 35.7731
4.8 35.7731
4.2 35.7731
6.6 35.7731
6 35.7731
8.4 35.7731
7.8 35.7731
10.2 35.7731
9.6 35.7731
12 35.7731
11.4 35.7731
13.8 35.7731
13.2 35.7731
15.6 35.7731
15 35.7731
17.4 35.7731
16.8 35.7731
19.2 35.7731
18.6 35.7731
21 35.7731
20.4 35.7731
22.8 35.7731
22.2 35.7731
24.6 35.7731
24 35.7731
26.4 35.7731
25.8 35.7731
28.2 35.7731
27.6 35.7731
30 35.7731
29.4 35.7731
31.8 35.7731
31.2 35.7731
33.6 35.7731
33 35.7731
35.4 35.7731
34.8 35.7731
37.2 35.7731
36.6 35.7731
39 35.7731
38.4 35.7731
40.8 35.7731
40.2 35.7731
42.6 35.7731
42 35.7731
44.4 35.7731
43.8 35.7731
46.2 35.7731
45.6 35.7731
48 35.7731
47.4 35.7731
50 35.4267
49.8 35.7731
49.2 35.7731
0.3 36.2927
-0 36.2927
2.1 36.2927
1.5 36.2927
3.9 36.2927
3.3 36.2927
5.7 36.2927
5.1 36.2927
7.5 36.2927
6.9 36.2927
9.3 36.2927
8.7 36.2927
11.1 36.2927
10.5 36.2927
12.9 36.2927
12.3 36.2927
14.7 36.2927
14.1 36.2927
16.5 36.2927
15.9 36.2927
18.3 36.2927
17.7 36.2927
20.1 36.2927
19.5 36.2927
21.9 36.2927
21.3 36.2927
23.7 36.2927
23.1 36.2927
25.5 36.2927
24.9 36.2927
27.3 36.2927
26.7 36.2927
29.1 36.2927
28.5 36.2927
30.9 36.2927
30.3 36.2927
32.7 36.2927
32.1 36.2927
34.5 36.2927
33.9 36.2927
36.3 36.2927
35.7 36.2927
38.1 36.2927
37.5 36.2927
39.9 36.2927
39.3 36.2927
41.7 36.2927
41.1 36.2927
43.5 36.2927
42.9 36.2927
45.3 36.2927
44.7 36.2927
47.1 36.2927
46.5 36.2927
48.9 36.2927
48.3 36.2927
50 36.1195
1.2 36.8123
0.6 36.8123
3 36.8123
2.4 36.8123
4.8 36.8123
4.2 36.8123
6.6 36.8123
6 36.8123
8.4 36.8123
7.8 36.8123
10.2 36.8123
9.6 36.8123
12 36.8123
11.4 36.8123
13.8 36.8123
13.2 36.8123
15.6 36.8123
15 36.8123
17.4 36.8123
16.8 36.8123
19.2 36.8123
18.6 36.8123
21 36.8123
20.4 36.8123
22.8 36.8123
22.2 36.8123
24.6 36.8123
24 36.8123
26.4 36.8123
25.8 36.8123
28.2 36.8123
27.6 36.8123
30 36.8123
29.4 36.8123
31.8 36.8123
31.2 36.8123
33.6 36.8123
33 36.8123
35.4 36.8123
34.8 36.8123
37.2 36.8123
36.6 36.8123
39 36.8123
38.4 36.8123
40.8 36.8123
40.2 36.8123
42.6 36.8123
42 36.8123
44.4 36.8123
43.8 36.8123
46.2 36.8123
45.6 36.8123
48 36.8123
47.4 36.8123
50 36.4659
49.8 36.8123
49.2 36.8123
0.3 37.3319
-0 37.3319
2.1 37.3319
1.5 37.3319
3.9 37.3319
3.3 37.3319
5.7 37.3319
5.1 37.3319
7.5 37.3319
6.9 37.3319
9.3 37.3319
8.7 37.3319
11.1 37.3319
10.5 37.3319
12.9 37.3319
12.3 37.3319
14.7 37.3319
14.1 37.3319
16.5 37.3319
15.9 37.3319
18.3 37.3319
17.7 37.3319
20.1 37.3319
19.5 37.3319
21.9 37.3319
21.3 37.3319
23.7 37.3319
23.1 37.3319
25.5 37.3319
24.9 37.3319
27.3 37.3319
26.7 37.3319
29.1 37.3319
28.5 37.3319
30.9 37.3319
30.3 37.3319
32.7 37.3319
32.1 37.3319
34.5 37.3319
33.9 37.3319
36.3 37.3319
35.7 37.3319
38.1 37.3319
37.5 37.3319
39.9 37.3319
39.3 37.3319
41.7 37.3319
41.1 37.3319
43.5 37.3319
42.9 37.3319
45.3 37.3319
44.7 37.3319
47.1 37.3319
46.5 37.3319
48.9 37.3319
48.3 37.3319
50 37.1587
1.2 37.8515
0.6 37.8515
3 37.8515
2.4 37.8515
4.8 37.8515
4.2 37.8515
6.6 37.8515
6 37.8515
8.4 37.8515
7.8 37.8515
10.2 37.8515
9.6 37.8515
12 37.8515
11.4 37.8515
13.8 37.8515
13.2 37.8515
15.6 37.8515
15 37.8515
17.4 37.8515
16.8 37.8515
19.2 37.8515
18.6 37.8515
21 37.8515
20.4 37.8515
22.8 37.8515
22.2 37.8515
24.6 37.8515
24 37.8515
26.4 37.8515
25.8 37.8515
28.2 37.8515
27.6 37.8515
30 37.8515
29.4 37.8515
31.8 37.8515
31.2 37.8515
33.6 37.8515
33 37.8515
35.4 37.8515
34.8 37.8515
37.2 37.8515
36.6 37.8515
39 37.8515
38.4 37.8515
40.8 37.8515
40.2 37.8515
42.6 37.8515
42 37.8515
44.4 37.8515
43.8 37.8515
46.2 37.8515
45.6 37.8515
48 37.8515
47.4 37.8515
50 37.5051
49.8 37.8515
49.2 37.8515
0.3 38.3711
-0 38.3711
2.1 38.3711
1.5 38.3711
3.9 38.3711
3.3 38.3711
5.7 38.3711
5.1 38.3711
7.5 38.3711
6.9 38.3711
9.3 38.3711
8.7 38.3711
11.1 38.3711
10.5 38.3711
12.9 38.3711
12.3 38.3711
14.7 38.3711
14.1 38.3711
16.5 38.3711
15.9 38.3711
18.3 38.3711
17.7 38.3711
20.1 38.3711
19.5 38.3711
21.9 38.3711
21.3 38.3711
23.7 38.3711
23.1 38.3711
25.5 38.3711
24.9 38.3711
27.3 38.3711
26.7 38.3711
29.1 38.3711
28.5 38.3711
30.9 38.3711
30.3 38.3711
32.7 38.3711
32.1 38.3711
34.5 38.3711
33.9 38.3711
36.3 38.3711
35.7 38.3711
38.1 38.3711
37.5 38.3711
39.9 38.3711
39.3 38.3711
41.7 38.3711
41.1 38.3711
43.5 38.3711
42.9 38.3711
45.3 38.3711
44.7 38.3711
47.1 38.3711
46.5 38.3711
48.9 38.3711
48.3 38.3711
50 38.1979
1.2 38.8908
0.6 38.8908
3 38.8908
2.4 38.8908
4.8 38.8908
4.2 38.8908
6.6 38.8908
6 38.8908
8.4 38.8908
7.8 38.8908
10.2 38.8908
9.6 38.8908
12 38.8908
11.4 38.8908
13.8 38.8908
13.2 38.8908
15.6 38.8908
15 38.8908
17.4 38.8908
16.8 38.8908
19.2 38.8908
18.6 38.8908
21 38.8908
20.4 38.8908
22.8 38.8908
22.2 38.8908
24.6 38.8908
24 38.8908
26.4 38.8908
25.8 38.8908
28.2 38.8908
27.6 38.8908
30 38.8908
29.4 38.8908
31.8 38.8908
31.2 38.8908
33.6 38.8908
33 38.8908
35.4 38.8908
34.8 38.8908
37.2 38.8908
36.6 38.8908
39 38.8908
38.4 38.8908
40.8 38.8908
40.2 38.8908
42.6 38.8908
42 38.8908
44.4 38.8908
43.8 38.8908
46.2 38.8908
45.6 38.8908
48 38.8908
47.4 38.8908
50 38.5443
49.8 38.8908
49.2 38.8908
0.3 39.4104
-0 39.4104
2.1 39.4104
1.5 39.4104
3.9 39.4104
3.3 39.4104
5.7 39.4104
5.1 39.4104
7.5 39.4104
6.9 39.4104
9.3 39.4104
8.7 39.4104
11.1 39.4104
10.5 39.4104
12.9 39.4104
12.3 39.4104
14.7 39.4104
14.1 39.4104
16.5 39.4104
15.9 39.4104
18.3 39.4104
17.7 39.4104
20.1 39.4104
19.5 39.4104
21.9 39.4104
21.3 39.4104
23.7 39.4104
23.1 39.4104
25.5 39.4104
24.9 39.4104
27.3 39.4104
26.7 39.4104
29.1 39.4104
28.5 39.4104
30.9 39.4104
30.3 39.4104
32.7 39.4104
32.1 39.4104
34.5 39.4104
33.9 39.4104
36.3 39.4104
35.7 39.4104
38.1 39.4104
37.5 39.4104
39.9 39.4104
39.3 39.4104
41.7 39.4104
41.1 39.4104
43.5 39.4104
42.9 39.4104
45.3 39.4104
44.7 39.4104
47.1 39.4104
46.5 39.4104
48.9 39.4104
48.3 39.4104
50 39.2372
1.2 39.93
0.6 39.93
3 39.93
2.4 39.93
4.8 39.93
4.2 39.93
6.6 39.93
6 39.93
8.4 39.93
7.8 39.93
10.2 39.93
9.6 39.93
12 39.93
11.4 39.93
13.8 39.93
13.2 39.93
15.6 39.93
15 39.93
17.4 39.93
16.8 39.93
19.2 39.93
18.6 39.93
21 39.93
20.4 39.93
22.8 39.93
22.2 39.93
24.6 39.93
24 39.93
26.4 39.93
25.8 39.93
28.2 39.93
27.6 39.93
30 39.93
29.4 39.93
31.8 39.93
31.2 39.93
33.6 39.93
33 39.93
35.4 39.93
34.8 39.93
37.2 39.93
36.6 39.93
39 39.93
38.4 39.93
40.8 39.93
40.2 39.93
42.6 39.93
42 39.93
44.4 39.93
43.8 39.93
46.2 39.93
45.6 39.93
48 39.93
47.4 39.93
50 39.5836
49.8 39.93
49.2 39.93
0.3 40.4496
-0 40.4496
2.1 40.4496
1.5 40.4496
3.9 40.4496
3.3 40.4496
5.7 40.4496
5.1 40.4496
7.5 40.4496
6.9 40.4496
9.3 40.4496
8.7 40.4496
11.1 40.4496
10.5 40.4496
12.9 40.4496
12.3 40.4496
14.7 40.4496
14.1 40.4496
16.5 40.4496
15.9 40.4496
18.3 40.4496
17.7 40.4496
20.1 40.4496
19.5 40.4496
21.9 40.4496
21.3 40.4496
23.7 40.4496
23.1 40.4496
25.5 40.4496
24.9 40.4496
27.3 40.4496
26.7 40.4496
29.1 40.4496
28.5 40.4496
30.9 40.4496
30.3 40.4496
32.7 40.4496
32.1 40.4496
34.5 40.4496
33.9 40.4496
36.3 40.4496
35.7 40.4496
38.1 40.4496
37.5 40.4496
39.9 40.4496
39.3 40.4496
41.7 40.4496
41.1 40.4496
43.5 40.4496
42.9 40.4496
45.3 40.4496
44.7 40.4496
47.1 40.4496
46.5 40.4496
48.9 40.4496
48.3 40.4496
50 40.2764
1.2 40.9692
0.6 40.9692
3 40.9692
2.4 40.9692
4.8 40.9692
4.2 40.9692
6.6 40.9692
6 40.9692
8.4 40.9692
7.8 40.9692
10.2 40.9692
9.6 40.9692
12 40.9692
11.4 40.9692
13.8 40.9692
13.2 40.9692
15.6 40.9692
15 40.9692
17.4 40.9692
16.8 40.9692
19.2 40.9692
18.6 40.9692
21 40.9692
20.4 40.9692
22.8 40.9692
22.2 40.9692
24.6 40.9692
24 40.9692
26.4 40.9692
25.8 40.9692
28.2 40.9692
27.6 40.9692
30 40.9692
29.4 40.9692
31.8 40.9692
31.2 40.9692
33.6 40.9692
33 40.9692
35.4 40.9692
34.8 40.9692
37.2 40.9692
36.6 40.9692
39 40.9692
38.4 40.9692
40.8 40.9692
40.2 40.9692
42.6 40.9692
42 40.9692
44.4 40.9692
43.8 40.9692
46.2 40.9692
45.6 40.9692
48 40.9692
47.4 40.9692
50 40.6228
49.8 40.9692
49.2 40.9692
0.3 41.4888
-0 41.4888
2.1 41.4888
1.5 41.4888
3.9 41.4888
3.3 41.4888
5.7 41.4888
5.1 41.4888
7.5 41.4888
6.9 41.4888
9.3 41.4888
8.7 41.4888
11.1 41.4888
10.5 41.4888
12.9 41.4888
12.3 41.4888
14.7 41.4888
14.1 41.4888
16.5 41.4888
15.9 41.4888
18.3 41.4888
17.7 41.4888
20.1 41.4888
19.5 41.4888
21.9 41.4888
21.3 41.4888
23.7 41.4888
23.1 41.4888
25.5 41.4888
24.9 41.4888
27.3 41.4888
26.7 41.4888
29.1 41.4888
28.5 41.4888
30.9 41.4888
30.3 41.4888
32.7 41.4888
32.1 41.4888
34.5 41.4888
33.9 41.4888
36.3 41.4888
35.7 41.4888
38.1 41.4888
37.5 41.4888
39.9 41.4888
39.3 41.4888
41.7 41.4888
41.1 41.4888
43.5 41.4888
42.9 41.4888
45.3 41.4888
44.7 41.4888
47.1 41.4888
46.5 41.4888
48.9 41.4888
48.3 41.4888
50 41.3156
1.2 42.0084
0.6 42.0084
3 42.0084
2.4 42.0084
4.8 42.0084
4.2 42.0084
6.6 42.0084
6 42.0084
8.4 42.0084
7.8 42.0084
10.2 42.0084
9.6 42.0084
12 42.0084
11.4 42.0084
13.8 42.0084
13.2 42.0084
15.6 42.0084
15 42.0084
17.4 42.0084
16.8 42.0084
19.2 42.0084
18.6 42.0084
21 42.0084
20.4 42.0084
22.8 42.0084
22.2 42.0084
24.6 42.0084
24 42.0084
26.4 42.0084
25.8 42.0084
28.2 42.0084
27.6 42.0084
30 42.0084
29.4 42.0084
31.8 42.0084
31.2 42.0084
33.6 42.0084
33 42.0084
35.4 42.0084
34.8 42.0084
37.2 42.0084
36.6 42.0084
39 42.0084
38.4 42.0084
40.8 42.0084
40.2 42.0084
42.6 42.0084
42 42.0084
44.4 42.0084
43.8 42.0084
46.2 42.0084
45.6 42.0084
48 42.0084
47.4 42.0084
50 41.662
49.8 42.0084
49.2 42.0084
0.3 42.5281
-0 42.5281
2.1 42.5281
1.5 42.5281
3.9 42.5281
3.3 42.5281
5.7 42.5281
5.1 42.5281
7.5 42.5281
6.9 42.5281
9.3 42.5281
8.7 42.5281
11.1 42.5281
10.5 42.5281
12.9 42.5281
12.3 42.5281
14.7 42.5281
14.1 42.5281
16.5 42.5281
15.9 42.5281
18.3 42.5281
17.7 42.5281
20.1 42.5281
19.5 42.5281
21.9 42.5281
21.3 42.5281
23.7 42.5281
23.1 42.5281
25.5 42.5281
24.9 42.5281
27.3 42.5281
26.7 42.5281
29.1 42.5281
28.5 42.5281
30.9 42.5281
30.3 42.5281
32.7 42.5281
32.1 42.5281
34.5 42.5281
33.9 42.5281
36.3 42.5281
35.7 42.5281
38.1 42.5281
37.5 42.5281
39.9 42.5281
39.3 42.5281
41.7 42.5281
41.1 42.5281
43.5 42.5281
42.9 42.5281
45.3 42.5281
44.7 42.5281
47.1 42.5281
46.5 42.5281
48.9 42.5281
48.3 42.5281
50 42.3549
1.2 43.0477
0.6 43.0477
3 43.0477
2.4 43.0477
4.8 43.0477
4.2 43.0477
6.6 43.0477
6 43.0477
8.4 43.0477
7.8 43.0477
10.2 43.0477
9.6 43.0477
12 43.0477
11.4 43.0477
13.8 43.0477
13.2 43.0477
15.6 43.0477
15 43.0477
17.4 43.0477
16.8 43.0477
19.2 43.0477
18.6 43.0477
21 43.0477
20.4 43.0477
22.8 43.0477
22.2 43.0477
24.6 43.0477
24 43.0477
26.4 43.0477
25.8 43.0477
28.2 43.0477
27.6 43.0477
30 43.0477
29.4 43.0477
31.8 43.0477
31.2 43.0477
33.6 43.0477
33 43.0477
35.4 43.0477
34.8 43.0477
37.2 43.0477
36.6 43.0477
39 43.0477
38.4 43.0477
40.8 43.0477
40.2 43.0477
42.6 43.0477
42 43.0477
44.4 43.0477
43.8 43.0477
46.2 43.0477
45.6 43.0477
48 43.0477
47.4 43.0477
50 42.7013
49.8 43.0477
49.2 43.0477
0.3 43.5673
-0 43.5673
2.1 43.5673
1.5 43.5673
3.9 43.5673
3.3 43.5673
5.7 43.5673
5.1 43.5673
7.5 43.5673
6.9 43.5673
9.3 43.5673
8.7 43.5673
11.1 43.5673
10.5 43.5673
12.9 43.5673
12.3 43.5673
14.7 43.5673
14.1 43.5673
16.5 43.5673
15.9 43.5673
18.3 43.5673
17.7 43.5673
20.1 43.5673
19.5 43.5673
21.9 43.5673
21.3 43.5673
23.7 43.5673
23.1 43.5673
25.5 43.5673
24.9 43.5673
27.3 43.5673
26.7 43.5673
29.1 43.5673
28.5 43.5673
30.9 43.5673
30.3 43.5673
32.7 43.5673
32.1 43.5673
34.5 43.5673
33.9 43.5673
36.3 43.5673
35.7 43.5673
38.1 43.5673
37.5 43.5673
39.9 43.5673
39.3 43.5673
41.7 43.5673
41.1 43.5673
43.5 43.5673
42.9 43.5673
45.3 43.5673
44.7 43.5673
47.1 43.5673
46.5 43.5673
48.9 43.5673
48.3 43.5673
50 43.3941
1.2 44.0869
0.6 44.0869
3 44.0869
2.4 44.0869
4.8 44.0869
4.2 44.0869
6.6 44.0869
6 44.0869
8.4 44.0869
7.8 44.0869
10.2 44.0869
9.6 44.0869
12 44.0869
11.4 44.0869
13.8 44.0869
13.2 44.0869
15.6 44.0869
15 44.0869
17.4 44.0869
16.8 44.0869
19.2 44.0869
18.6 44.0869
21 44.0869
20.4 44.0869
22.8 44.0869
22.2 44.0869
24.6 44.0869
24 44.0869
26.4 44.0869
25.8 44.0869
28.2 44.0869
27.6 44.0869
30 44.0869
29.4 44.0869
31.8 44.0869
31.2 44.0869
33.6 44.0869
33 44.0869
35.4 44.0869
34.8 44.0869
37.2 44.0869
36.6 44.0869
39 44.0869
38.4 44.0869
40.8 44.0869
40.2 44.0869
42.6 44.0869
42 44.0869
44.4 44.0869
43.8 44.0869
46.2 44.0869
45.6 44.0869
48 44.0869
47.4 44.0869
50 43.7405
49.8 44.0869
49.2 44.0869
0.3 44.6065
-0 44.6065
2.1 44.6065
1.5 44.6065
3.9 44.6065
3.3 44.6065
5.7 44.6065
5.1 44.6065
7.5 44.6065
6.9 44.6065
9.3 44.6065
8.7 44.6065
11.1 44.6065
10.5 44.6065
12.9 44.6065
12.3 44.6065
14.7 44.6065
14.1 44.6065
16.5 44.6065
15.9 44.6065
18.3 44.6065
17.7 44.6065
20.1 44.6065
19.5 44.6065
21.9 44.6065
21.3 44.6065
23.7 44.6065
23.1 44.6065
25.5 44.6065
24.9 44.6065
27.3 44.6065
26.7 44.6065
29.1 44.6065
28.5 44.6065
30.9 44.6065
30.3 44.6065
32.7 44.6065
32.1 44.6065
34.5 44.6065
33.9 44.6065
36.3 44.6065
35.7 44.6065
38.1 44.6065
37.5 44.6065
39.9 44.6065
39.3 44.6065
41.7 44.6065
41.1 44.6065
43.5 44.6065
42.9 44.6065
45.3 44.6065
44.7 44.6065
47.1 44.6065
46.5 44.6065
48.9 44.6065
48.3 44.6065
50 44.4333
1.2 45.1261
0.6 45.1261
3 45.1261
2.4 45.1261
4.8 45.1261
4.2 45.1261
6.6 45.1261
6 45.1261
8.4 45.1261
7.8 45.1261
10.2 45.1261
9.6 45.1261
12 45.1261
11.4 45.1261
13.8 45.1261
13.2 45.1261
15.6 45.1261
15 45.1261
17.4 45.1261
16.8 45.1261
19.2 45.1261
18.6 45.1261
21 45.1261
20.4 45.1261
22.8 45.1261
22.2 45.1261
24.6 45.1261
24 45.1261
26.4 45.1261
25.8 45.1261
28.2 45.1261
27.6 45.1261
30 45.1261
29.4 45.1261
31.8 45.1261
31.2 45.1261
33.6 45.1261
33 45.1261
35.4 45.1261
34.8 45.1261
37.2 45.1261
36.6 45.1261
39 45.1261
38.4 45.1261
40.8 45.1261
40.2 45.1261
42.6 45.1261
42 45.1261
44.4 45.1261
43.8 45.1261
46.2 45.1261
45.6 45.1261
48 45.1261
47.4 45.1261
50 44.7797
49.8 45.1261
49.2 45.1261
0.3 45.6458
-0 45.6458
2.1 45.6458
1.5 45.6458
3.9 45.6458
3.3 45.6458
5.7 45.6458
5.1 45.6458
7.5 45.6458
6.9 45.6458
9.3 45.6458
8.7 45.6458
11.1 45.6458
10.5 45.6458
12.9 45.6458
12.3 45.6458
14.7 45.6458
14.1 45.6458
16.5 45.6458
15.9 45.6458
18.3 45.6458
17.7 45.6458
20.1 45.6458
19.5 45.6458
21.9 45.6458
21.3 45.6458
23.7 45.6458
23.1 45.6458
25.5 45.6458
24.9 45.6458
27.3 45.6458
26.7 45.6458
29.1 45.6458
28.5 45.6458
30.9 45.6458
30.3 45.6458
32.7 45.6458
32.1 45.6458
34.5 45.6458
33.9 45.6458
36.3 45.6458
35.7 45.6458
38.1 45.6458
37.5 45.6458
39.9 45.6458
39.3 45.6458
41.7 45.6458
41.1 45.6458
43.5 45.6458
42.9 45.6458
45.3 45.6458
44.7 45.6458
47.1 45.6458
46.5 45.6458
48.9 45.6458
48.3 45.6458
50 45.4726
1.2 46.1654
0.6 46.1654
3 46.1654
2.4 46.1654
4.8 46.1654
4.2 46.1654
6.6 46.1654
6 46.1654
8.4 46.1654
7.8 46.1654
10.2 46.1654
9.6 46.1654
12 46.1654
11.4 46.1654
13.8 46.1654
13.2 46.1654
15.6 46.1654
15 46.1654
17.4 46.1654
16.8 46.1654
19.2 46.1654
18.6 46.1654
21 46.1654
20.4 46.1654
22.8 46.1654
22.2 46.1654
24.6 46.1654
24 46.1654
26.4 46.1654
25.8 46.1654
28.2 46.1654
27.6 46.1654
30 46.1654
29.4 46.1654
31.8 46.1654
31.2 46.1654
33.6 46.1654
33 46.1654
35.4 46.1654
34.8 46.1654
37.2 46.1654
36.6 46.1654
39 46.1654
38.4 46.1654
40.8 46.1654
40.2 46.1654
42.6 46.1654
42 46.1654
44.4 46.1654
43.8 46.1654
46.2 46.1654
45.6 46.1654
48 46.1654
47.4 46.1654
50 45.819
49.8 46.1654
49.2 46.1654
0.3 46.685
-0 46.685
2.1 46.685
1.5 46.685
3.9 46.685
3.3 46.685
5.7 46.685
5.1 46.685
7.5 46.685
6.9 46.685
9.3 46.685
8.7 46.685
11.1 46.685
10.5 46.685
12.9 46.685
12.3 46.685
14.7 46.685
14.1 46.685
16.5 46.685
15.9 46.685
18.3 46.685
17.7 46.685
20.1 46.685
19.5 46.685
21.9 46.685
21.3 46.685
23.7 46.685
23.1 46.685
25.5 46.685
24.9 46.685
27.3 46.685
26.7 46.685
29.1 46.685
28.5 46.685
30.9 46.685
30.3 46.685
32.7 46.685
32.1 46.685
34.5 46.685
33.9 46.685
36.3 46.685
35.7 46.685
38.1 46.685
37.5 46.685
39.9 46.685
39.3 46.685
41.7 46.685
41.1 46.685
43.5 46.685
42.9 46.685
45.3 46.685
44.7 46.685
47.1 46.685
46.5 46.685
48.9 46.685
48.3 46.685
50 46.5118
1.2 47.2046
0.6 47.2046
3 47.2046
2.4 47.2046
4.8 47.2046
4.2 47.2046
6.6 47.2046
6 47.2046
8.4 47.2046
7.8 47.2046
10.2 47.2046
9.6 47.2046
12 47.2046
11.4 47.2046
13.8 47.2046
13.2 47.2046
15.6 47.2046
15 47.2046
17.4 47.2046
16.8 47.2046
19.2 47.2046
18.6 47.2046
21 47.2046
20.4 47.2046
22.8 47.2046
22.2 47.2046
24.6 47.2046
24 47.2046
26.4 47.2046
25.8 47.2046
28.2 47.2046
27.6 47.2046
30 47.2046
29.4 47.2046
31.8 47.2046
31.2 47.2046
33.6 47.2046
33 47.2046
35.4 47.2046
34.8 47.2046
37.2 47.2046
36.6 47.2046
39 47.2046
38.4 47.2046
40.8 47.2046
40.2 47.2046
42.6 47.2046
42 47.2046
44.4 47.2046
43.8 47.2046
46.2 47.2046
45.6 47.2046
48 47.2046
47.4 47.2046
50 46.8582
49.8 47.2046
49.2 47.2046
0.3 47.7242
-0 47.7242
2.1 47.7242
1.5 47.7242
3.9 47.7242
3.3 47.7242
5.7 47.7242
5.1 47.7242
7.5 47.7242
6.9 47.7242
9.3 47.7242
8.7 47.7242
11.1 47.7242
10.5 47.7242
12.9 47.7242
12.3 47.7242
14.7 47.7242
14.1 47.7242
16.5 47.7242
15.9 47.7242
18.3 47.7242
17.7 47.7242
20.1 47.7242
19.5 47.7242
21.9 47.7242
21.3 47.7242
23.7 47.7242
23.1 47.7242
25.5 47.7242
24.9 47.7242
27.3 47.7242
26.7 47.7242
29.1 47.7242
28.5 47.7242
30.9 47.7242
30.3 47.7242
32.7 47.7242
32.1 47.7242
34.5 47.7242
33.9 47.7242
36.3 47.7242
35.7 47.7242
38.1 47.7242
37.5 47.7242
39.9 47.7242
39.3 47.7242
41.7 47.7242
41.1 47.7242
43.5 47.7242
42.9 47.7242
45.3 47.7242
44.7 47.7242
47.1 47.7242
46.5 47.7242
48.9 47.7242
48.3 47.7242
50 47.551
1.2 48.2438
0.6 48.2438
3 48.2438
2.4 48.2438
4.8 48.2438
4.2 48.2438
6.6 48.2438
6 48.2438
8.4 48.2438
7.8 48.2438
10.2 48.2438
9.6 48.2438
12 48.2438
11.4 48.2438
13.8 48.2438
13.2 48.2438
15.6 48.2438
15 48.2438
17.4 48.2438
16.8 48.2438
19.2 48.2438
18.6 48.2438
21 48.2438
20.4 48.2438
22.8 48.2438
22.2 48.2438
24.6 48.2438
24 48.2438
26.4 48.2438
25.8 48.2438
28.2 48.2438
27.6 48.2438
30 48.2438
29.4 48.2438
31.8 48.2438
31.2 48.2438
33.6 48.2438
33 48.2438
35.4 48.2438
34.8 48.2438
37.2 48.2438
36.6 48.2438
39 48.2438
38.4 48.2438
40.8 48.2438
40.2 48.2438
42.6 48.2438
42 48.2438
44.4 48.2438
43.8 48.2438
46.2 48.2438
45.6 48.2438
48 48.2438
47.4 48.2438
50 47.8974
49.8 48.2438
49.2 48.2438
0.3 48.7634
-0 48.7634
2.1 48.7634
1.5 48.7634
3.9 48.7634
3.3 48.7634
5.7 48.7634
5.1 48.7634
7.5 48.7634
6.9 48.7634
9.3 48.7634
8.7 48.7634
11.1 48.7634
10.5 48.7634
12.9 48.7634
12.3 48.7634
14.7 48.7634
14.1 48.7634
16.5 48.7634
15.9 48.7634
18.3 48.7634
17.7 48.7634
20.1 48.7634
19.5 48.7634
21.9 48.7634
21.3 48.7634
23.7 48.7634
23.1 48.7634
25.5 48.7634
24.9 48.7634
27.3 48.7634
26.7 48.7634
29.1 48.7634
28.5 48.7634
30.9 48.7634
30.3 48.7634
32.7 48.7634
32.1 48.7634
34.5 48.7634
33.9 48.7634
36.3 48.7634
35.7 48.7634
38.1 48.7634
37.5 48.7634
39.9 48.7634
39.3 48.7634
41.7 48.7634
41.1 48.7634
43.5 48.7634
42.9 48.7634
45.3 48.7634
44.7 48.7634
47.1 48.7634
46.5 48.7634
48.9 48.7634
48.3 48.7634
50 48.5902
1.2 49.2831
0.6 49.2831
3 49.2831
2.4 49.2831
4.8 49.2831
4.2 49.2831
6.6 49.2831
6 49.2831
8.4 49.2831
7.8 49.2831
10.2 49.2831
9.6 49.2831
12 49.2831
11.4 49.2831
13.8 49.2831
13.2 49.2831
15.6 49.2831
15 49.2831
17.4 49.2831
16.8 49.2831
19.2 49.2831
18.6 49.2831
21 49.2831
20.4 49.2831
22.8 49.2831
22.2 49.2831
24.6 49.2831
24 49.2831
26.4 49.2831
25.8 49.2831
28.2 49.2831
27.6 49.2831
30 49.2831
29.4 49.2831
31.8 49.2831
31.2 49.2831
33.6 49.2831
33 49.2831
35.4 49.2831
34.8 49.2831
37.2 49.2831
36.6 49.2831
39 49.2831
38.4 49.2831
40.8 49.2831
40.2 49.2831
42.6 49.2831
42 49.2831
44.4 49.2831
43.8 49.2831
46.2 49.2831
45.6 49.2831
48 49.2831
47.4 49.2831
50 48.9367
49.8 49.2831
49.2 49.2831
0.3 49.8027
-0 49.8027
2.1 49.8027
1.5 49.8027
3.9 49.8027
3.3 49.8027
5.7 49.8027
5.1 49.8027
7.5 49.8027
6.9 49.8027
9.3 49.8027
8.7 49.8027
11.1 49.8027
10.5 49.8027
12.9 49.8027
12.3 49.8027
14.7 49.8027
14.1 49.8027
16.5 49.8027
15.9 49.8027
18.3 49.8027
17.7 49.8027
20.1 49.8027
19.5 49.8027
21.9 49.8027
21.3 49.8027
23.7 49.8027
23.1 49.8027
25.5 49.8027
24.9 49.8027
27.3 49.8027
26.7 49.8027
29.1 49.8027
28.5 49.8027
30.9 49.8027
30.3 49.8027
32.7 49.8027
32.1 49.8027
34.5 49.8027
33.9 49.8027
36.3 49.8027
35.7 49.8027
38.1 49.8027
37.5 49.8027
39.9 49.8027
39.3 49.8027
41.7 49.8027
41.1 49.8027
43.5 49.8027
42.9 49.8027
45.3 49.8027
44.7 49.8027
47.1 49.8027
46.5 49.8027
48.9 49.8027
48.3 49.8027
50 49.6295
1.38608 50
0.413924 50
3.18608 50
2.21392 50
4.98608 50
4.01392 50
6.78608 50
5.81392 50
8.58608 50
7.61392 50
10.3861 50
9.41392 50
12.1861 50
11.2139 50
13.9861 50
13.0139 50
15.7861 50
14.8139 50
17.5861 50
16.6139 50
19.3861 50
18.4139 50
21.1861 50
20.2139 50
22.9861 50
22.0139 50
24.7861 50
23.8139 50
26.5861 50
25.6139 50
28.3861 50
27.4139 50
30.1861 50
29.2139 50
31.9861 50
31.0139 50
33.7861 50
32.8139 50
35.5861 50
34.6139 50
37.3861 50
36.4139 50
39.1861 50
38.2139 50
40.9861 50
40.0139 50
42.7861 50
41.8139 50
44.5861 50
43.6139 50
46.3861 50
45.4139 50
48.1861 50
47.2139 50
50 50
49.0139 50
0 50
