variables = x,y,rho,u,v,p
zone T="test"
zonetype = fepolygon
nodes = 274
elements = 136
faces = 764
NumConnectedBoundaryFaces = 0
TotalNumBoundaryConnections = 0
solutiontime = 8.41348
0.096906  
0.0780847  0.0390423  0.023094  0.216906  0.195212  0.156169  0.143094  0.336906  0.312339  0.273296  0.263094  0.456906  0.429466  0.390423  0.383094  0.576906  0.546593  0.50755  0.503094  0.696906  
0.66755  0.626593  0.623094  0.816906  0.790423  0.749466  0.743094  0.936906  0.913296  0.872339  0.863094  1.05691  1.03617  0.995212  0.983094  1.17691  1.15904  1.11808  1.10309  0  
0.0189547  -0  0.132683  0.0947735  0.246411  0.208502  0.360139  0.32223  0.473868  0.435958  0.589686  0.549686  0.715958  0.673868  0.84223  0.800139  0.968502  0.926411  1.09477  1.05268  
1.2  1.2  1.17895  0.0735529  0.0367765  0.183882  0.147106  0.294212  0.257435  0.404541  0.367765  0.514871  0.478094  0.638094  0.594871  0.767765  0.724541  0.897435  0.854212  1.02711  
0.983882  1.15678  1.11355  0.0178218  -0  0.124752  0.0891088  0.231683  0.196039  0.338614  0.30297  0.445544  0.409901  0.556831  0.516831  0.689901  0.645544  0.82297  0.778614  0.956039  
0.911683  1.08911  1.04475  1.2  1.17782  0.0690212  0.0345106  0.172553  0.138042  0.276085  0.241574  0.379617  0.345106  0.483148  0.448638  0.608638  0.563148  0.745106  0.699617  0.881574  
0.836085  1.01804  0.972553  1.15451  1.10902  0.0166888  -0  0.116822  0.0834442  0.216955  0.183577  0.317088  0.28371  0.417221  0.383843  0.523976  0.483976  0.663843  0.617221  0.80371  
0.757088  0.943577  0.896955  1.08344  1.03682  1.2  1.17669  0.0644895  0.0322447  0.161224  0.128979  0.257958  0.225713  0.354692  0.322447  0.451426  0.419182  0.579182  0.531426  0.722447  
0.674692  0.865713  0.817958  1.00898  0.961224  1.15224  1.10449  0.0155559  -0  0.108891  0.0777795  0.202227  0.171115  0.295562  0.26445  0.388898  0.357786  0.491121  0.451121  0.637786  
0.588898  0.78445  0.735562  0.931115  0.882227  1.07778  1.02889  1.2  1.17556  0.0599578  0.0299789  0.149894  0.119916  0.239831  0.209852  0.329768  0.299789  0.419704  0.389725  0.549725  
0.499704  0.699789  0.649768  0.849852  0.799831  0.999916  0.949894  1.14998  1.09996  0.014423  -0  0.100961  0.0721149  0.187499  0.158653  0.274036  0.245191  0.360574  0.331728  0.458266  
0.418266  0.611728  0.560574  0.765191  0.714036  0.918653  0.867499  1.07211  1.02096  1.2  1.17442  0.055426  0.027713  0.138565  0.110852  0.221704  0.193991  0.304843  0.27713  0.387982  
0.360269  0.520269  0.467982  0.67713  0.624843  0.833991  0.781704  0.990852  0.938565  1.14771  1.09543  0  0.0174738  0.0982279  0.0632803  0.178982  0.144034  0.259736  0.224789  0.34049  
0.305543  0.438228  0.386297  0.597474  0.528558  0.75672  0.687804  0.915966  0.84705  1.07521  1.0063  1.2  1.16554  

0  
0.029282  0.029282  0  0  0.029282  0.029282  0  0  0.029282  0.029282  0  0  0.029282  0.029282  0  0  0.029282  0.029282  0  0  
0.029282  0.029282  0  0  0.029282  0.029282  0  0  0.029282  0.029282  0  0  0.029282  0.029282  0  0  0.029282  0.029282  0  0  
0.063923  0.063923  0.063923  0.063923  0.063923  0.063923  0.063923  0.063923  0.063923  0.063923  0.063923  0.063923  0.063923  0.063923  0.063923  0.063923  0.063923  0.063923  0.063923  0.063923  
0  0.063923  0.063923  0.0985641  0.0985641  0.0985641  0.0985641  0.0985641  0.0985641  0.0985641  0.0985641  0.0985641  0.0985641  0.0985641  0.0985641  0.0985641  0.0985641  0.0985641  0.0985641  0.0985641  
0.0985641  0.0985641  0.0985641  0.133205  0.133205  0.133205  0.133205  0.133205  0.133205  0.133205  0.133205  0.133205  0.133205  0.133205  0.133205  0.133205  0.133205  0.133205  0.133205  0.133205  
0.133205  0.133205  0.133205  0.133205  0.133205  0.167846  0.167846  0.167846  0.167846  0.167846  0.167846  0.167846  0.167846  0.167846  0.167846  0.167846  0.167846  0.167846  0.167846  0.167846  
0.167846  0.167846  0.167846  0.167846  0.167846  0.202487  0.202487  0.202487  0.202487  0.202487  0.202487  0.202487  0.202487  0.202487  0.202487  0.202487  0.202487  0.202487  0.202487  0.202487  
0.202487  0.202487  0.202487  0.202487  0.202487  0.202487  0.202487  0.237128  0.237128  0.237128  0.237128  0.237128  0.237128  0.237128  0.237128  0.237128  0.237128  0.237128  0.237128  0.237128  
0.237128  0.237128  0.237128  0.237128  0.237128  0.237128  0.237128  0.271769  0.271769  0.271769  0.271769  0.271769  0.271769  0.271769  0.271769  0.271769  0.271769  0.271769  0.271769  0.271769  
0.271769  0.271769  0.271769  0.271769  0.271769  0.271769  0.271769  0.271769  0.271769  0.30641  0.30641  0.30641  0.30641  0.30641  0.30641  0.30641  0.30641  0.30641  0.30641  0.30641  
0.30641  0.30641  0.30641  0.30641  0.30641  0.30641  0.30641  0.30641  0.30641  0.341051  0.341051  0.341051  0.341051  0.341051  0.341051  0.341051  0.341051  0.341051  0.341051  0.341051  
0.341051  0.341051  0.341051  0.341051  0.341051  0.341051  0.341051  0.341051  0.341051  0.341051  0.341051  0.375692  0.375692  0.375692  0.375692  0.375692  0.375692  0.375692  0.375692  0.375692  
0.375692  0.375692  0.375692  0.375692  0.375692  0.375692  0.375692  0.375692  0.375692  0.375692  0.375692  0.4  0.4  0.4  0.4  0.4  0.4  0.4  0.4  0.4  
0.4  0.4  0.4  0.4  0.4  0.4  0.4  0.4  0.4  0.4  0.4  0.4  0.4  
19.2857  
19.2857  19.2857  19.2857  19.2857  19.2857  19.2857  19.2857  19.2857  19.2857  19.2857  19.2857  19.2857  19.2857  19.2857  19.2857  19.2857  19.2857  19.2857  19.2857  19.2857  
19.2857  19.2857  19.2857  19.2857  19.2857  19.2857  19.2857  19.2857  19.2857  19.2857  19.2857  19.2857  19.2857  19.2857  19.2857  19.2857  19.2857  19.2857  19.2857  19.2857  
19.2857  19.2857  19.2857  19.2857  19.2857  19.2857  19.2857  19.2857  19.2857  19.2857  19.2857  19.2857  19.2857  19.2857  19.2857  19.2857  19.2857  19.2857  19.2857  19.2857  
19.2857  19.2857  19.2857  19.2857  19.2857  19.2857  19.2857  19.2857  19.2857  19.2857  19.2857  19.2857  19.2857  19.2857  19.2857  19.2857  19.2857  19.2857  19.2857  19.2857  
19.2857  19.2857  19.2857  19.2857  19.2857  19.2857  19.2857  19.2857  19.2857  19.2857  19.2857  19.2857  19.2857  19.2857  19.2857  19.2857  19.2857  19.2857  19.2857  19.2857  
19.2857  19.2857  19.2857  19.2857  19.2857  19.2857  19.2857  19.2857  19.2857  19.2857  19.2857  19.2857  19.2857  19.2857  19.2857  19.2857  19.2857  19.2857  19.2857  19.2857  
19.2857  19.2857  19.2857  19.2857  19.2857  19.2857  19.2857  19.2857  19.2857  19.2857  19.2857  19.2857  19.2857  19.2857  19.2857  19.2857  19.2857  19.2857  19.2857  19.2857  
19.2857  19.2857  19.2857  19.2857  19.2857  19.2857  19.2857  19.2857  19.2857  19.2857  19.2857  19.2857  19.2857  19.2857  19.2857  19.2857  19.2857  19.2857  19.2857  19.2857  
19.2857  19.2857  19.2857  19.2857  19.2857  19.2857  19.2857  19.2857  19.2857  19.2857  19.2857  19.2857  19.2857  19.2857  19.2857  19.2857  19.2857  19.2857  19.2857  19.2857  
19.2857  19.2857  19.2857  19.2857  19.2857  19.2857  19.2857  19.2857  19.2857  19.2857  19.2857  19.2857  19.2857  19.2857  19.2857  19.2857  19.2857  19.2857  19.2857  19.2857  
19.2857  19.2857  19.2857  19.2857  19.2857  19.2857  19.2857  19.2857  19.2857  19.2857  19.2857  19.2857  19.2857  19.2857  19.2857  19.2857  19.2857  19.2857  19.2857  19.2857  
19.2857  19.2857  19.2857  19.2857  19.2857  19.2857  19.2857  19.2857  19.2857  19.2857  19.2857  19.2857  19.2857  19.2857  19.2857  19.2857  19.2857  19.2857  19.2857  19.2857  
19.2857  19.2857  19.2857  19.2857  19.2857  19.2857  19.2857  19.2857  19.2857  19.2857  19.2857  19.2857  19.2857  19.2857  19.2857  19.2857  19.2857  19.2857  19.2857  19.2857  
19.2857  19.2857  19.2857  19.2857  19.2857  19.2857  19.2857  19.2857  19.2857  19.2857  19.2857  19.2857  19.2857  
1.82312  
1.82312  1.82312  1.82312  1.82312  1.82312  1.82312  1.82312  1.82312  1.82312  1.82312  1.82312  1.82312  1.82312  1.82312  1.82312  1.82312  1.82312  1.82312  1.82312  1.82312  
1.82312  1.82312  1.82312  1.82312  1.82312  1.82312  1.82312  1.82312  1.82312  1.82312  1.82312  1.82312  1.82312  1.82312  1.82312  1.82312  1.82312  1.82312  1.82312  1.82312  
1.82312  1.82312  1.82312  1.82312  1.82312  1.82312  1.82312  1.82312  1.82312  1.82312  1.82312  1.82312  1.82312  1.82312  1.82312  1.82312  1.82312  1.82312  1.82312  1.82312  
1.82312  1.82312  1.82312  1.82312  1.82312  1.82312  1.82312  1.82312  1.82312  1.82312  1.82312  1.82312  1.82312  1.82312  1.82312  1.82312  1.82312  1.82312  1.82312  1.82312  
1.82312  1.82312  1.82312  1.82312  1.82312  1.82312  1.82312  1.82312  1.82312  1.82312  1.82312  1.82312  1.82312  1.82312  1.82312  1.82312  1.82312  1.82312  1.82312  1.82312  
1.82312  1.82312  1.82312  1.82312  1.82312  1.82312  1.82312  1.82312  1.82312  1.82312  1.82312  1.82312  1.82312  1.82312  1.82312  1.82312  1.82312  1.82312  1.82312  1.82312  
1.82312  1.82312  1.82312  1.82312  1.82312  1.82312  1.82312  1.82312  1.82312  1.82312  1.82312  1.82312  1.82312  1.82312  1.82312  1.82312  1.82312  1.82312  1.82312  1.82312  
1.82312  1.82312  1.82312  1.82312  1.82312  1.82312  1.82312  1.82312  1.82312  1.82312  1.82312  1.82312  1.82312  1.82312  1.82312  1.82312  1.82312  1.82312  1.82312  1.82312  
1.82312  1.82312  1.82312  1.82312  1.82312  1.82312  1.82312  1.82312  1.82312  1.82312  1.82312  1.82312  1.82312  1.82312  1.82312  1.82312  1.82312  1.82312  1.82312  1.82312  
1.82312  1.82312  1.82312  1.82312  1.82312  1.82312  1.82312  1.82312  1.82312  1.82312  1.82312  1.82312  1.82312  1.82312  1.82312  1.82312  1.82312  1.82312  1.82312  1.82312  
1.82312  1.82312  1.82312  1.82312  1.82312  1.82312  1.82312  1.82312  1.82312  1.82312  1.82312  1.82312  1.82312  1.82312  1.82312  1.82312  1.82312  1.82312  1.82312  1.82312  
1.82312  1.82312  1.82312  1.82312  1.82312  1.82312  1.82312  1.82312  1.82312  1.82312  1.82312  1.82312  1.82312  1.82312  1.82312  1.82312  1.82312  1.82312  1.82312  1.82312  
1.82312  1.82312  1.82312  1.82312  1.82312  1.82312  1.82312  1.82312  1.82312  1.82312  1.82312  1.82312  1.82312  1.82312  1.82312  1.82312  1.82312  1.82312  1.82312  1.82312  
1.82312  1.82312  1.82312  1.82312  1.82312  1.82312  1.82312  1.82312  1.82312  1.82312  1.82312  1.82312  1.82312  
0  
0  0  0  0  0  0  0  0  0  0  0  0  0  0  0  0  0  0  0  0  
0  0  0  0  0  0  0  0  0  0  0  0  0  0  0  0  0  0  0  0  
0  0  0  0  0  0  0  0  0  0  0  0  0  0  0  0  0  0  0  0  
0  0  0  0  0  0  0  0  0  0  0  0  0  0  0  0  0  0  0  0  
0  0  0  0  0  0  0  0  0  0  0  0  0  0  0  0  0  0  0  0  
0  0  0  0  0  0  0  0  0  0  0  0  0  0  0  0  0  0  0  0  
0  0  0  0  0  0  0  0  0  0  0  0  0  0  0  0  0  0  0  0  
0  0  0  0  0  0  0  0  0  0  0  0  0  0  0  0  0  0  0  0  
0  0  0  0  0  0  0  0  0  0  0  0  0  0  0  0  0  0  0  0  
0  0  0  0  0  0  0  0  0  0  0  0  0  0  0  0  0  0  0  0  
0  0  0  0  0  0  0  0  0  0  0  0  0  0  0  0  0  0  0  0  
0  0  0  0  0  0  0  0  0  0  0  0  0  0  0  0  0  0  0  0  
0  0  0  0  0  0  0  0  0  0  0  0  0  0  0  0  0  0  0  0  
0  0  0  0  0  0  0  0  0  0  0  0  0  
41.3333  
41.3333  41.3333  41.3333  41.3333  41.3333  41.3333  41.3333  41.3333  41.3333  41.3333  41.3333  41.3333  41.3333  41.3333  41.3333  41.3333  41.3333  41.3333  41.3333  41.3333  
41.3333  41.3333  41.3333  41.3333  41.3333  41.3333  41.3333  41.3333  41.3333  41.3333  41.3333  41.3333  41.3333  41.3333  41.3333  41.3333  41.3333  41.3333  41.3333  41.3333  
41.3333  41.3333  41.3333  41.3333  41.3333  41.3333  41.3333  41.3333  41.3333  41.3333  41.3333  41.3333  41.3333  41.3333  41.3333  41.3333  41.3333  41.3333  41.3333  41.3333  
41.3333  41.3333  41.3333  41.3333  41.3333  41.3333  41.3333  41.3333  41.3333  41.3333  41.3333  41.3333  41.3333  41.3333  41.3333  41.3333  41.3333  41.3333  41.3333  41.3333  
41.3333  41.3333  41.3333  41.3333  41.3333  41.3333  41.3333  41.3333  41.3333  41.3333  41.3333  41.3333  41.3333  41.3333  41.3333  41.3333  41.3333  41.3333  41.3333  41.3333  
41.3333  41.3333  41.3333  41.3333  41.3333  41.3333  41.3333  41.3333  41.3333  41.3333  41.3333  41.3333  41.3333  41.3333  41.3333  41.3333  41.3333  41.3333  41.3333  41.3333  
41.3333  41.3333  41.3333  41.3333  41.3333  41.3333  41.3333  41.3333  41.3333  41.3333  41.3333  41.3333  41.3333  41.3333  41.3333  41.3333  41.3333  41.3333  41.3333  41.3333  
41.3333  41.3333  41.3333  41.3333  41.3333  41.3333  41.3333  41.3333  41.3333  41.3333  41.3333  41.3333  41.3333  41.3333  41.3333  41.3333  41.3333  41.3333  41.3333  41.3333  
41.3333  41.3333  41.3333  41.3333  41.3333  41.3333  41.3333  41.3333  41.3333  41.3333  41.3333  41.3333  41.3333  41.3333  41.3333  41.3333  41.3333  41.3333  41.3333  41.3333  
41.3333  41.3333  41.3333  41.3333  41.3333  41.3333  41.3333  41.3333  41.3333  41.3333  41.3333  41.3333  41.3333  41.3333  41.3333  41.3333  41.3333  41.3333  41.3333  41.3333  
41.3333  41.3333  41.3333  41.3333  41.3333  41.3333  41.3333  41.3333  41.3333  41.3333  41.3333  41.3333  41.3333  41.3333  41.3333  41.3333  41.3333  41.3333  41.3333  41.3333  
41.3333  41.3333  41.3333  41.3333  41.3333  41.3333  41.3333  41.3333  41.3333  41.3333  41.3333  41.3333  41.3333  41.3333  41.3333  41.3333  41.3333  41.3333  41.3333  41.3333  
41.3333  41.3333  41.3333  41.3333  41.3333  41.3333  41.3333  41.3333  41.3333  41.3333  41.3333  41.3333  41.3333  41.3333  41.3333  41.3333  41.3333  41.3333  41.3333  41.3333  
41.3333  41.3333  41.3333  41.3333  41.3333  41.3333  41.3333  41.3333  41.3333  41.3333  41.3333  41.3333  41.3333  
2  3
3  4
4  1
1  2
6  7
7  8
8  5
5  6
10  11
11  12
12  9
9  10
14  15
15  16
16  13
13  14
18  19
19  20
20  17
17  18
22  23
23  24
24  21
21  22
26  27
27  28
28  25
25  26
30  31
31  32
32  29
29  30
34  35
35  36
36  33
33  34
38  39
39  40
40  37
37  38
42  43
43  41
41  4
4  3
3  42
44  45
45  2
2  1
1  8
8  7
7  44
46  47
47  6
6  5
5  12
12  11
11  46
48  49
49  10
10  9
9  16
16  15
15  48
50  51
51  14
14  13
13  20
20  19
19  50
52  53
53  18
18  17
17  24
24  23
23  52
54  55
55  22
22  21
21  28
28  27
27  54
56  57
57  26
26  25
25  32
32  31
31  56
58  59
59  30
30  29
29  36
36  35
35  58
60  61
61  34
34  33
33  40
40  39
39  60
63  64
64  38
38  37
37  62
62  63
65  66
66  42
42  3
3  2
2  45
45  65
67  68
68  44
44  7
7  6
6  47
47  67
69  70
70  46
46  11
11  10
10  49
49  69
71  72
72  48
48  15
15  14
14  51
51  71
73  74
74  50
50  19
19  18
18  53
53  73
75  76
76  52
52  23
23  22
22  55
55  75
77  78
78  54
54  27
27  26
26  57
57  77
79  80
80  56
56  31
31  30
30  59
59  79
81  82
82  58
58  35
35  34
34  61
61  81
83  84
84  60
60  39
39  38
38  64
64  83
85  86
86  43
43  42
42  66
66  85
87  88
88  65
65  45
45  44
44  68
68  87
89  90
90  67
67  47
47  46
46  70
70  89
91  92
92  69
69  49
49  48
48  72
72  91
93  94
94  71
71  51
51  50
50  74
74  93
95  96
96  73
73  53
53  52
52  76
76  95
97  98
98  75
75  55
55  54
54  78
78  97
99  100
100  77
77  57
57  56
56  80
80  99
101  102
102  79
79  59
59  58
58  82
82  101
103  104
104  81
81  61
61  60
60  84
84  103
105  106
106  83
83  64
64  63
63  105
88  107
107  108
108  85
85  66
66  65
65  88
90  109
109  110
110  87
87  68
68  67
67  90
92  111
111  112
112  89
89  70
70  69
69  92
94  113
113  114
114  91
91  72
72  71
71  94
96  115
115  116
116  93
93  74
74  73
73  96
98  117
117  118
118  95
95  76
76  75
75  98
100  119
119  120
120  97
97  78
78  77
77  100
102  121
121  122
122  99
99  80
80  79
79  102
104  123
123  124
124  101
101  82
82  81
81  104
106  125
125  126
126  103
103  84
84  83
83  106
127  128
128  86
86  85
85  108
108  127
110  129
129  130
130  107
107  88
88  87
87  110
112  131
131  132
132  109
109  90
90  89
89  112
114  133
133  134
134  111
111  92
92  91
91  114
116  135
135  136
136  113
113  94
94  93
93  116
118  137
137  138
138  115
115  96
96  95
95  118
120  139
139  140
140  117
117  98
98  97
97  120
122  141
141  142
142  119
119  100
100  99
99  122
124  143
143  144
144  121
121  102
102  101
101  124
126  145
145  146
146  123
123  104
104  103
103  126
147  148
148  125
125  106
106  105
105  147
149  150
150  127
127  108
108  107
107  130
130  149
151  152
152  129
129  110
110  109
109  132
132  151
153  154
154  131
131  112
112  111
111  134
134  153
155  156
156  133
133  114
114  113
113  136
136  155
157  158
158  135
135  116
116  115
115  138
138  157
159  160
160  137
137  118
118  117
117  140
140  159
161  162
162  139
139  120
120  119
119  142
142  161
163  164
164  141
141  122
122  121
121  144
144  163
165  166
166  143
143  124
124  123
123  146
146  165
167  168
168  145
145  126
126  125
125  148
148  167
169  170
170  128
128  127
127  150
150  169
152  171
171  172
172  149
149  130
130  129
129  152
154  173
173  174
174  151
151  132
132  131
131  154
156  175
175  176
176  153
153  134
134  133
133  156
158  177
177  178
178  155
155  136
136  135
135  158
160  179
179  180
180  157
157  138
138  137
137  160
162  181
181  182
182  159
159  140
140  139
139  162
164  183
183  184
184  161
161  142
142  141
141  164
166  185
185  186
186  163
163  144
144  143
143  166
168  187
187  188
188  165
165  146
146  145
145  168
189  190
190  167
167  148
148  147
147  189
172  191
191  192
192  169
169  150
150  149
149  172
174  193
193  194
194  171
171  152
152  151
151  174
176  195
195  196
196  173
173  154
154  153
153  176
178  197
197  198
198  175
175  156
156  155
155  178
180  199
199  200
200  177
177  158
158  157
157  180
182  201
201  202
202  179
179  160
160  159
159  182
184  203
203  204
204  181
181  162
162  161
161  184
186  205
205  206
206  183
183  164
164  163
163  186
188  207
207  208
208  185
185  166
166  165
165  188
190  209
209  210
210  187
187  168
168  167
167  190
192  211
211  212
212  170
170  169
169  192
213  214
214  191
191  172
172  171
171  194
194  213
215  216
216  193
193  174
174  173
173  196
196  215
217  218
218  195
195  176
176  175
175  198
198  217
219  220
220  197
197  178
178  177
177  200
200  219
221  222
222  199
199  180
180  179
179  202
202  221
223  224
224  201
201  182
182  181
181  204
204  223
225  226
226  203
203  184
184  183
183  206
206  225
227  228
228  205
205  186
186  185
185  208
208  227
229  230
230  207
207  188
188  187
187  210
210  229
231  232
232  209
209  190
190  189
189  231
214  233
233  234
234  211
211  192
192  191
191  214
216  235
235  236
236  213
213  194
194  193
193  216
218  237
237  238
238  215
215  196
196  195
195  218
220  239
239  240
240  217
217  198
198  197
197  220
222  241
241  242
242  219
219  200
200  199
199  222
224  243
243  244
244  221
221  202
202  201
201  224
226  245
245  246
246  223
223  204
204  203
203  226
228  247
247  248
248  225
225  206
206  205
205  228
230  249
249  250
250  227
227  208
208  207
207  230
232  251
251  252
252  229
229  210
210  209
209  232
234  254
254  253
253  212
212  211
211  234
236  255
255  256
256  233
233  214
214  213
213  236
238  257
257  258
258  235
235  216
216  215
215  238
240  259
259  260
260  237
237  218
218  217
217  240
242  261
261  262
262  239
239  220
220  219
219  242
244  263
263  264
264  241
241  222
222  221
221  244
246  265
265  266
266  243
243  224
224  223
223  246
248  267
267  268
268  245
245  226
226  225
225  248
250  269
269  270
270  247
247  228
228  227
227  250
252  271
271  272
272  249
249  230
230  229
229  252
273  274
274  251
251  232
232  231
231  273
256  254
254  234
234  233
233  256
258  255
255  236
236  235
235  258
260  257
257  238
238  237
237  260
262  259
259  240
240  239
239  262
264  261
261  242
242  241
241  264
266  263
263  244
244  243
243  266
268  265
265  246
246  245
245  268
270  267
267  248
248  247
247  270
272  269
269  250
250  249
249  272
274  271
271  252
252  251
251  274
1  1  1  1  
2  2  2  2  
3  3  3  3  
4  4  4  4  
5  5  5  5  
6  6  6  6  
7  7  7  7  
8  8  8  8  
9  9  9  9  
10  10  10  10  
11  11  11  11  11  
12  12  12  12  12  12  
13  13  13  13  13  13  
14  14  14  14  14  14  
15  15  15  15  15  15  
16  16  16  16  16  16  
17  17  17  17  17  17  
18  18  18  18  18  18  
19  19  19  19  19  19  
20  20  20  20  20  20  
21  21  21  21  21  
22  22  22  22  22  22  
23  23  23  23  23  23  
24  24  24  24  24  24  
25  25  25  25  25  25  
26  26  26  26  26  26  
27  27  27  27  27  27  
28  28  28  28  28  28  
29  29  29  29  29  29  
30  30  30  30  30  30  
31  31  31  31  31  31  
32  32  32  32  32  
33  33  33  33  33  33  
34  34  34  34  34  34  
35  35  35  35  35  35  
36  36  36  36  36  36  
37  37  37  37  37  37  
38  38  38  38  38  38  
39  39  39  39  39  39  
40  40  40  40  40  40  
41  41  41  41  41  41  
42  42  42  42  42  
43  43  43  43  43  43  
44  44  44  44  44  44  
45  45  45  45  45  45  
46  46  46  46  46  46  
47  47  47  47  47  47  
48  48  48  48  48  48  
49  49  49  49  49  49  
50  50  50  50  50  50  
51  51  51  51  51  51  
52  52  52  52  52  52  
53  53  53  53  53  
54  54  54  54  54  54  
55  55  55  55  55  55  
56  56  56  56  56  56  
57  57  57  57  57  57  
58  58  58  58  58  58  
59  59  59  59  59  59  
60  60  60  60  60  60  
61  61  61  61  61  61  
62  62  62  62  62  62  
63  63  63  63  63  
64  64  64  64  64  64  
65  65  65  65  65  65  
66  66  66  66  66  66  
67  67  67  67  67  67  
68  68  68  68  68  68  
69  69  69  69  69  69  
70  70  70  70  70  70  
71  71  71  71  71  71  
72  72  72  72  72  72  
73  73  73  73  73  73  
74  74  74  74  74  
75  75  75  75  75  75  
76  76  76  76  76  76  
77  77  77  77  77  77  
78  78  78  78  78  78  
79  79  79  79  79  79  
80  80  80  80  80  80  
81  81  81  81  81  81  
82  82  82  82  82  82  
83  83  83  83  83  83  
84  84  84  84  84  
85  85  85  85  85  85  
86  86  86  86  86  86  
87  87  87  87  87  87  
88  88  88  88  88  88  
89  89  89  89  89  89  
90  90  90  90  90  90  
91  91  91  91  91  91  
92  92  92  92  92  92  
93  93  93  93  93  93  
94  94  94  94  94  94  
95  95  95  95  95  
96  96  96  96  96  96  
97  97  97  97  97  97  
98  98  98  98  98  98  
99  99  99  99  99  99  
100  100  100  100  100  100  
101  101  101  101  101  101  
102  102  102  102  102  102  
103  103  103  103  103  103  
104  104  104  104  104  104  
105  105  105  105  105  
106  106  106  106  106  106  
107  107  107  107  107  107  
108  108  108  108  108  108  
109  109  109  109  109  109  
110  110  110  110  110  110  
111  111  111  111  111  111  
112  112  112  112  112  112  
113  113  113  113  113  113  
114  114  114  114  114  114  
115  115  115  115  115  115  
116  116  116  116  116  
117  117  117  117  117  117  
118  118  118  118  118  118  
119  119  119  119  119  119  
120  120  120  120  120  120  
121  121  121  121  121  121  
122  122  122  122  122  122  
123  123  123  123  123  123  
124  124  124  124  124  124  
125  125  125  125  125  125  
126  126  126  126  126  
127  127  127  127  
128  128  128  128  
129  129  129  129  
130  130  130  130  
131  131  131  131  
132  132  132  132  
133  133  133  133  
134  134  134  134  
135  135  135  135  
136  136  136  136  
0  0  0  0  
0  0  0  0  
0  0  0  0  
0  0  0  0  
0  0  0  0  
0  0  0  0  
0  0  0  0  
0  0  0  0  
0  0  0  0  
0  0  0  0  
0  0  0  0  0  
0  0  0  0  0  0  
0  0  0  0  0  0  
0  0  0  0  0  0  
0  0  0  0  0  0  
0  0  0  0  0  0  
0  0  0  0  0  0  
0  0  0  0  0  0  
0  0  0  0  0  0  
0  0  0  0  0  0  
0  0  0  0  0  
0  0  0  0  0  0  
0  0  0  0  0  0  
0  0  0  0  0  0  
0  0  0  0  0  0  
0  0  0  0  0  0  
0  0  0  0  0  0  
0  0  0  0  0  0  
0  0  0  0  0  0  
0  0  0  0  0  0  
0  0  0  0  0  0  
0  0  0  0  0  
0  0  0  0  0  0  
0  0  0  0  0  0  
0  0  0  0  0  0  
0  0  0  0  0  0  
0  0  0  0  0  0  
0  0  0  0  0  0  
0  0  0  0  0  0  
0  0  0  0  0  0  
0  0  0  0  0  0  
0  0  0  0  0  
0  0  0  0  0  0  
0  0  0  0  0  0  
0  0  0  0  0  0  
0  0  0  0  0  0  
0  0  0  0  0  0  
0  0  0  0  0  0  
0  0  0  0  0  0  
0  0  0  0  0  0  
0  0  0  0  0  0  
0  0  0  0  0  0  
0  0  0  0  0  
0  0  0  0  0  0  
0  0  0  0  0  0  
0  0  0  0  0  0  
0  0  0  0  0  0  
0  0  0  0  0  0  
0  0  0  0  0  0  
0  0  0  0  0  0  
0  0  0  0  0  0  
0  0  0  0  0  0  
0  0  0  0  0  
0  0  0  0  0  0  
0  0  0  0  0  0  
0  0  0  0  0  0  
0  0  0  0  0  0  
0  0  0  0  0  0  
0  0  0  0  0  0  
0  0  0  0  0  0  
0  0  0  0  0  0  
0  0  0  0  0  0  
0  0  0  0  0  0  
0  0  0  0  0  
0  0  0  0  0  0  
0  0  0  0  0  0  
0  0  0  0  0  0  
0  0  0  0  0  0  
0  0  0  0  0  0  
0  0  0  0  0  0  
0  0  0  0  0  0  
0  0  0  0  0  0  
0  0  0  0  0  0  
0  0  0  0  0  
0  0  0  0  0  0  
0  0  0  0  0  0  
0  0  0  0  0  0  
0  0  0  0  0  0  
0  0  0  0  0  0  
0  0  0  0  0  0  
0  0  0  0  0  0  
0  0  0  0  0  0  
0  0  0  0  0  0  
0  0  0  0  0  0  
0  0  0  0  0  
0  0  0  0  0  0  
0  0  0  0  0  0  
0  0  0  0  0  0  
0  0  0  0  0  0  
0  0  0  0  0  0  
0  0  0  0  0  0  
0  0  0  0  0  0  
0  0  0  0  0  0  
0  0  0  0  0  0  
0  0  0  0  0  
0  0  0  0  0  0  
0  0  0  0  0  0  
0  0  0  0  0  0  
0  0  0  0  0  0  
0  0  0  0  0  0  
0  0  0  0  0  0  
0  0  0  0  0  0  
0  0  0  0  0  0  
0  0  0  0  0  0  
0  0  0  0  0  0  
0  0  0  0  0  
0  0  0  0  0  0  
0  0  0  0  0  0  
0  0  0  0  0  0  
0  0  0  0  0  0  
0  0  0  0  0  0  
0  0  0  0  0  0  
0  0  0  0  0  0  
0  0  0  0  0  0  
0  0  0  0  0  0  
0  0  0  0  0  
0  0  0  0  
0  0  0  0  
0  0  0  0  
0  0  0  0  
0  0  0  0  
0  0  0  0  
0  0  0  0  
0  0  0  0  
0  0  0  0  
0  0  0  0  
